0.196700	0.317500	0.485800	0.312900	0.377700	0.309400	0.456100	0.380600	0.163300	0.597800	0.323700	0.078500	0.712200	0.229500	0.058300	0.775200	0.135800	0.089000	0.786200	0.053900	0.159900	0.743000	0.025100	0.231900	0.649700	0.055900	0.294400	0.545200	0.140000	0.314800	0.447300	0.248700	0.304000	0.394500	0.342500	0.263000	0.402000	0.395700	0.202300	0.469800	0.370700	0.159500	0.576600	0.293400	0.130000	0.705300	0.169200	0.125500	0.786000	0.067500	0.146500	0.834000	0.010800	0.155200	0.813400	0.036700	0.149900	0.727300	0.144400	0.128300
0.276300	0.364100	0.359600	0.416900	0.380400	0.202700	0.556500	0.346600	0.096900	0.678300	0.266300	0.055400	0.765000	0.167200	0.067800	0.804300	0.072600	0.123100	0.761200	0.030200	0.208600	0.695600	0.039500	0.264900	0.575700	0.107200	0.317100	0.481000	0.219100	0.299900	0.412300	0.323700	0.264000	0.399700	0.382100	0.218200	0.434200	0.402300	0.163500	0.526800	0.329700	0.143500	0.645400	0.220800	0.133800	0.748500	0.101900	0.149600	0.818600	0.022100	0.159300	0.816000	0.017000	0.167000	0.751400	0.096800	0.151800	0.630000	0.263400	0.106600
0.380400	0.376600	0.243000	0.519900	0.359400	0.120700	0.654700	0.287100	0.058200	0.756100	0.193300	0.050600	0.800200	0.098900	0.100900	0.792300	0.035800	0.171900	0.730200	0.027300	0.242500	0.628300	0.084100	0.287600	0.529300	0.182100	0.288600	0.429500	0.292800	0.277700	0.394200	0.382000	0.223800	0.412600	0.404600	0.182800	0.481100	0.369800	0.149100	0.591200	0.267700	0.141100	0.705300	0.150200	0.144500	0.787700	0.047600	0.164700	0.813400	0.009300	0.177300	0.777900	0.056700	0.165400	0.679100	0.195900	0.125000	0.537100	0.386500	0.076400
0.484000	0.370700	0.145300	0.623700	0.309200	0.067100	0.737700	0.211700	0.050600	0.799700	0.122600	0.077700	0.815600	0.044200	0.140200	0.763300	0.025800	0.210900	0.668300	0.062600	0.269100	0.563800	0.150100	0.286100	0.461700	0.262900	0.275400	0.404800	0.351900	0.243300	0.393700	0.413500	0.192800	0.444900	0.396200	0.158900	0.559500	0.298100	0.142400	0.664000	0.187800	0.148200	0.754100	0.077100	0.168800	0.801400	0.015700	0.182900	0.778800	0.038300	0.182900	0.703000	0.145500	0.151500	0.582000	0.318900	0.099100	0.423000	0.531600	0.045400
0.595000	0.321200	0.083800	0.715500	0.239000	0.045500	0.804300	0.139500	0.056200	0.823400	0.063800	0.112800	0.789200	0.026600	0.184200	0.709800	0.046500	0.243700	0.595200	0.129900	0.274900	0.487800	0.231600	0.280600	0.417800	0.335700	0.246500	0.389000	0.414200	0.196800	0.424400	0.416600	0.159000	0.504000	0.354500	0.141500	0.628800	0.230500	0.140700	0.727200	0.109400	0.163400	0.785900	0.030700	0.183400	0.790100	0.017900	0.192000	0.733700	0.102100	0.164200	0.613200	0.260200	0.126600	0.470100	0.459400	0.070500	0.307800	0.664200	0.028000
0.697400	0.257500	0.045100	0.786500	0.164600	0.048900	0.830000	0.075600	0.094400	0.814900	0.029900	0.155200	0.742400	0.036500	0.221100	0.637000	0.100100	0.262900	0.523000	0.203800	0.273200	0.426100	0.316500	0.257400	0.398000	0.394800	0.207200	0.404100	0.428100	0.167800	0.470600	0.381100	0.148300	0.572600	0.283400	0.144000	0.690000	0.151500	0.158500	0.756900	0.050000	0.193100	0.790100	0.013600	0.196300	0.737900	0.070700	0.191400	0.649000	0.207300	0.143700	0.498600	0.407300	0.094100	0.352700	0.603300	0.044000	0.217600	0.763600	0.018800
0.776000	0.180600	0.043400	0.830500	0.090900	0.078600	0.831500	0.034100	0.134400	0.772000	0.031500	0.196500	0.668500	0.080700	0.250800	0.556800	0.180900	0.262300	0.446900	0.294300	0.258800	0.398500	0.382000	0.219500	0.389300	0.429700	0.181000	0.451400	0.397100	0.151500	0.548000	0.304400	0.147600	0.648700	0.192500	0.158800	0.740100	0.074200	0.185700	0.778800	0.017000	0.204200	0.759900	0.039800	0.200300	0.672800	0.163400	0.163800	0.538600	0.346900	0.114500	0.388200	0.556400	0.055400	0.251800	0.725400	0.022800	0.132400	0.833100	0.034500
0.837700	0.104500	0.057800	0.834500	0.042700	0.122800	0.788700	0.023600	0.187700	0.700100	0.063000	0.236900	0.599800	0.154300	0.245900	0.481600	0.266700	0.251700	0.413600	0.370100	0.216300	0.394400	0.426200	0.179400	0.420000	0.419900	0.160100	0.498700	0.349900	0.151400	0.608400	0.235000	0.156600	0.696800	0.115000	0.188200	0.758100	0.028400	0.213500	0.757400	0.027700	0.214900	0.696300	0.113900	0.189800	0.575900	0.284600	0.139500	0.424300	0.497800	0.077900	0.289300	0.682000	0.028700	0.161200	0.813200	0.025600	0.086000	0.830200	0.083800
0.841800	0.053400	0.104800	0.817400	0.023400	0.159200	0.735200	0.055100	0.209700	0.623400	0.132600	0.244000	0.513400	0.238900	0.247700	0.424700	0.353600	0.221700	0.387400	0.427800	0.184800	0.404600	0.441900	0.153500	0.480900	0.379500	0.139600	0.574100	0.272900	0.153000	0.674000	0.148100	0.177900	0.744400	0.044800	0.210800	0.760900	0.018100	0.221000	0.705500	0.088200	0.206300	0.614100	0.217900	0.168000	0.459100	0.440300	0.100600	0.315400	0.640000	0.044600	0.190500	0.785800	0.023700	0.101000	0.837600	0.061400	0.046200	0.788800	0.165000
0.828700	0.023800	0.147500	0.755300	0.044800	0.199900	0.654700	0.118200	0.227100	0.541000	0.223300	0.235700	0.440700	0.331500	0.227800	0.383500	0.421400	0.195100	0.394900	0.442600	0.162500	0.440700	0.411500	0.147800	0.537200	0.308300	0.154500	0.640500	0.182200	0.177300	0.716700	0.067300	0.216000	0.750900	0.018100	0.231000	0.725400	0.054600	0.220000	0.628100	0.185200	0.186700	0.505300	0.373800	0.120900	0.355000	0.585600	0.059400	0.208500	0.763300	0.028200	0.112200	0.837200	0.050600	0.051300	0.813700	0.135000	0.028700	0.691600	0.279700
0.776800	0.041100	0.182100	0.684800	0.093500	0.221700	0.566000	0.194800	0.239200	0.459600	0.310200	0.230200	0.403100	0.406800	0.190100	0.381000	0.455500	0.163500	0.431000	0.422700	0.146300	0.501900	0.347800	0.150300	0.605500	0.221200	0.173300	0.697200	0.094700	0.208100	0.736900	0.025000	0.238100	0.732300	0.034200	0.233500	0.649900	0.147100	0.203000	0.529700	0.323800	0.146500	0.389600	0.529100	0.081300	0.239600	0.725400	0.035000	0.134100	0.827500	0.038400	0.063300	0.832500	0.104200	0.028300	0.729000	0.242700	0.025800	0.553700	0.420500
0.694600	0.090200	0.215200	0.586200	0.184500	0.229300	0.478300	0.299200	0.222500	0.406000	0.401200	0.192800	0.383000	0.457300	0.159700	0.408600	0.440900	0.150500	0.478900	0.372500	0.148600	0.580200	0.252700	0.167100	0.664000	0.126500	0.209500	0.709400	0.037600	0.253000	0.733000	0.023400	0.243600	0.665500	0.105600	0.228900	0.552900	0.271400	0.175700	0.424200	0.474900	0.100900	0.269200	0.681200	0.049600	0.149200	0.817800	0.033000	0.074000	0.844600	0.081400	0.031800	0.771400	0.196800	0.022000	0.613800	0.364200	0.032100	0.405600	0.562300
0.615400	0.159200	0.225400	0.503000	0.279500	0.217500	0.414700	0.388800	0.196500	0.384700	0.453000	0.162300	0.400900	0.454100	0.145000	0.451200	0.404900	0.143900	0.548500	0.288700	0.162800	0.635600	0.160700	0.203700	0.704000	0.058300	0.237700	0.713500	0.017800	0.268700	0.675300	0.078500	0.246200	0.588400	0.210500	0.201100	0.451000	0.421500	0.127500	0.312800	0.622700	0.064500	0.186400	0.778400	0.035200	0.089400	0.847000	0.063600	0.038000	0.803300	0.158700	0.018100	0.660700	0.321200	0.022600	0.468100	0.509300	0.038700	0.259400	0.701900
0.524400	0.265800	0.209800	0.435000	0.367400	0.197600	0.382300	0.444100	0.173600	0.389200	0.460200	0.150600	0.431700	0.423700	0.144600	0.511700	0.322900	0.165400	0.615900	0.191800	0.192300	0.686200	0.077000	0.236800	0.717900	0.023000	0.259100	0.699600	0.048400	0.252000	0.602100	0.174600	0.223300	0.480900	0.359400	0.159700	0.339500	0.575300	0.085200	0.209500	0.749800	0.040700	0.106300	0.847100	0.046600	0.044100	0.825700	0.130200	0.017500	0.706100	0.276400	0.016100	0.518300	0.465600	0.029200	0.310500	0.660300	0.038100	0.140000	0.821900
0.453400	0.353400	0.193200	0.403100	0.427800	0.169100	0.375400	0.478700	0.145900	0.408300	0.448500	0.143200	0.491600	0.349100	0.159300	0.582500	0.217900	0.199600	0.662300	0.099400	0.238300	0.703800	0.030000	0.266200	0.695900	0.034500	0.269600	0.623200	0.130800	0.246000	0.506800	0.309200	0.184000	0.372500	0.516900	0.110600	0.239200	0.706300	0.054500	0.126300	0.828300	0.045400	0.056000	0.845100	0.098900	0.017900	0.743200	0.238900	0.012700	0.578400	0.408900	0.020800	0.367000	0.612200	0.031200	0.182000	0.786800	0.034700	0.066900	0.898400
0.400400	0.435900	0.163700	0.367500	0.481700	0.150800	0.412700	0.451100	0.136200	0.476900	0.366700	0.156400	0.558300	0.248800	0.192900	0.645400	0.127700	0.226900	0.686400	0.038400	0.275200	0.700500	0.024800	0.274700	0.638200	0.100400	0.261400	0.538300	0.255400	0.206300	0.401700	0.472200	0.126100	0.265400	0.664100	0.070500	0.148500	0.808400	0.043100	0.061500	0.858600	0.079900	0.022100	0.779900	0.198000	0.011500	0.615700	0.372800	0.017500	0.415400	0.567100	0.028800	0.221600	0.749600	0.028600	0.084700	0.886700	0.027300	0.042100	0.930600
0.363800	0.483900	0.152300	0.392200	0.471200	0.136600	0.443900	0.401500	0.154600	0.525000	0.290500	0.184500	0.608000	0.155200	0.236800	0.674100	0.054700	0.271200	0.693500	0.023500	0.283000	0.658700	0.072200	0.269100	0.555000	0.214000	0.231000	0.434200	0.413300	0.152500	0.290400	0.624400	0.085200	0.169900	0.783600	0.046500	0.077500	0.854200	0.068300	0.029300	0.818000	0.152700	0.010900	0.673800	0.315300	0.012100	0.471800	0.516100	0.021700	0.262600	0.715700	0.027700	0.113100	0.859200	0.023900	0.044900	0.931200	0.022900	0.076400	0.900700
0.387000	0.470300	0.142700	0.432800	0.421700	0.145500	0.507600	0.312900	0.179500	0.587900	0.191800	0.220300	0.657300	0.077200	0.265500	0.686600	0.023500	0.289900	0.652100	0.058900	0.289000	0.573000	0.186000	0.241000	0.458500	0.367800	0.173700	0.321600	0.568300	0.110100	0.202900	0.739800	0.057300	0.101100	0.846200	0.052700	0.037100	0.830000	0.132900	0.010300	0.717500	0.272200	0.007600	0.527700	0.464700	0.017900	0.307100	0.675000	0.023300	0.138000	0.838700	0.020700	0.048800	0.930500	0.018600	0.051600	0.929800	0.017900	0.151300	0.830800
0.414700	0.444700	0.140600	0.492600	0.335800	0.171600	0.573200	0.213200	0.213600	0.629300	0.101400	0.269300	0.669900	0.033600	0.296500	0.666800	0.042500	0.290700	0.587000	0.143500	0.269500	0.482600	0.310100	0.207300	0.356200	0.516100	0.127700	0.217200	0.714800	0.068000	0.117400	0.828400	0.054200	0.046600	0.847600	0.105800	0.011700	0.758100	0.230200	0.005800	0.581900	0.412300	0.013800	0.371700	0.614500	0.017500	0.181200	0.801300	0.021800	0.066600	0.911600	0.018500	0.038600	0.942900	0.015300	0.112700	0.872000	0.028400	0.243700	0.727900
0.480100	0.343300	0.176600	0.540000	0.241400	0.218600	0.632000	0.117100	0.250900	0.666700	0.036300	0.297000	0.660800	0.030400	0.308800	0.595400	0.112100	0.292500	0.497700	0.268200	0.234100	0.377200	0.469600	0.153200	0.245200	0.671900	0.082900	0.149000	0.799000	0.052000	0.060400	0.850800	0.088800	0.018300	0.794200	0.187500	0.004600	0.634200	0.361200	0.009000	0.428000	0.563000	0.019000	0.227700	0.753300	0.019900	0.082900	0.897200	0.016200	0.034500	0.949300	0.013900	0.083900	0.902200	0.021200	0.207700	0.771100	0.055300	0.363600	0.581100
