0.201300	0.317400	0.481300	0.313300	0.378500	0.308200	0.454400	0.381400	0.164200	0.598500	0.325500	0.076000	0.706300	0.239700	0.054000	0.780500	0.136600	0.082900	0.789600	0.056000	0.154400	0.748300	0.024500	0.227200	0.654700	0.056500	0.288800	0.541200	0.144000	0.314800	0.453600	0.250400	0.296000	0.387700	0.350000	0.262300	0.406800	0.391100	0.202100	0.463800	0.383400	0.152800	0.579100	0.293200	0.127700	0.691800	0.171800	0.136400	0.793800	0.064400	0.141800	0.834200	0.010200	0.155600	0.813400	0.035500	0.151100	0.719900	0.152700	0.127400
0.282000	0.360100	0.357900	0.411300	0.380200	0.208500	0.555600	0.346000	0.098400	0.686800	0.260600	0.052600	0.767200	0.164800	0.068000	0.794300	0.076800	0.128900	0.770100	0.027100	0.202800	0.693800	0.038500	0.267700	0.590100	0.108000	0.301900	0.479300	0.221900	0.298800	0.400700	0.330400	0.268900	0.385600	0.393600	0.220800	0.431800	0.398700	0.169500	0.526000	0.333300	0.140700	0.648800	0.220000	0.131200	0.757000	0.099800	0.143200	0.814700	0.021800	0.163500	0.812900	0.015000	0.172100	0.752700	0.097000	0.150300	0.628500	0.264100	0.107400
0.379200	0.375300	0.245500	0.522900	0.357700	0.119400	0.659600	0.284700	0.055700	0.755700	0.192900	0.051400	0.807400	0.095300	0.097300	0.792600	0.036600	0.170800	0.731000	0.032200	0.236800	0.632100	0.080600	0.287300	0.517900	0.177100	0.305000	0.435400	0.294400	0.270200	0.394000	0.369300	0.236700	0.406600	0.406900	0.186500	0.483900	0.369900	0.146200	0.592700	0.273500	0.133800	0.705500	0.150600	0.143900	0.792800	0.044700	0.162500	0.810800	0.010700	0.178500	0.771600	0.056300	0.172100	0.670300	0.199500	0.130200	0.528400	0.392600	0.079000
0.488900	0.368900	0.142200	0.620500	0.308600	0.070900	0.731500	0.218000	0.050500	0.808500	0.112600	0.078900	0.813700	0.047900	0.138400	0.762800	0.023500	0.213700	0.677800	0.060600	0.261600	0.560200	0.149100	0.290700	0.455800	0.263400	0.280800	0.387300	0.365500	0.247200	0.403800	0.408000	0.188200	0.453300	0.389200	0.157500	0.541300	0.321300	0.137400	0.667200	0.193100	0.139700	0.752200	0.076100	0.171700	0.808900	0.013000	0.178100	0.785800	0.033600	0.180600	0.709400	0.142400	0.148200	0.589500	0.315200	0.095300	0.415700	0.537500	0.046800
0.591200	0.324200	0.084600	0.723400	0.236100	0.040500	0.795700	0.140600	0.063700	0.819800	0.061700	0.118500	0.791600	0.027000	0.181400	0.696900	0.051200	0.251900	0.597400	0.123200	0.279400	0.486700	0.233900	0.279400	0.418500	0.339100	0.242400	0.382000	0.414200	0.203800	0.427500	0.407700	0.164800	0.509100	0.348800	0.142100	0.621600	0.237100	0.141300	0.724300	0.109000	0.166700	0.779700	0.028800	0.191500	0.788400	0.020800	0.190800	0.730200	0.102000	0.167800	0.604600	0.259700	0.135700	0.464300	0.465000	0.070700	0.303100	0.672000	0.024900
0.703600	0.253200	0.043200	0.785600	0.164600	0.049800	0.830400	0.079500	0.090100	0.804900	0.029900	0.165200	0.741900	0.035300	0.222800	0.639500	0.097100	0.263400	0.522000	0.205000	0.273000	0.435900	0.313600	0.250500	0.376100	0.413700	0.210200	0.399600	0.428700	0.171700	0.478700	0.378200	0.143100	0.585900	0.267700	0.146400	0.686700	0.151500	0.161800	0.773300	0.050600	0.176100	0.790300	0.013800	0.195900	0.742600	0.069700	0.187700	0.654700	0.198700	0.146600	0.502900	0.403900	0.093200	0.356300	0.605400	0.038300	0.213400	0.766200	0.020400
0.784000	0.175100	0.040900	0.822900	0.095300	0.081800	0.820300	0.037400	0.142300	0.772300	0.029400	0.198300	0.661700	0.081000	0.257300	0.554400	0.184300	0.261300	0.454600	0.301600	0.243800	0.406700	0.382700	0.210600	0.397100	0.427000	0.175900	0.442800	0.405500	0.151700	0.545200	0.311900	0.142900	0.649200	0.192600	0.158200	0.736300	0.078600	0.185100	0.784200	0.013900	0.201900	0.755900	0.042400	0.201700	0.676000	0.159000	0.165000	0.533700	0.349800	0.116500	0.397900	0.545600	0.056500	0.243400	0.732700	0.023900	0.138300	0.826300	0.035400
0.827700	0.107100	0.065200	0.843600	0.041600	0.114800	0.796800	0.027700	0.175500	0.710000	0.063200	0.226800	0.598900	0.153500	0.247600	0.482000	0.270200	0.247800	0.410200	0.370100	0.219700	0.385000	0.435500	0.179500	0.416700	0.428900	0.154400	0.503000	0.350200	0.146800	0.609100	0.234300	0.156600	0.703200	0.112700	0.184100	0.769700	0.026900	0.203400	0.761300	0.021800	0.216900	0.695100	0.105700	0.199200	0.576300	0.283900	0.139800	0.433200	0.491700	0.075100	0.290500	0.680000	0.029500	0.168900	0.804900	0.026200	0.080700	0.837000	0.082300
0.844900	0.053600	0.101500	0.814300	0.022900	0.162800	0.726400	0.049500	0.224100	0.626000	0.132500	0.241500	0.516100	0.238300	0.245600	0.428600	0.350600	0.220800	0.389600	0.422800	0.187600	0.398200	0.444700	0.157100	0.467000	0.391100	0.141900	0.568400	0.270200	0.161400	0.675700	0.145400	0.178900	0.744400	0.046300	0.209300	0.766000	0.015600	0.218400	0.717200	0.083800	0.199000	0.610700	0.225100	0.164200	0.468000	0.435700	0.096300	0.314800	0.637800	0.047400	0.190700	0.783500	0.025800	0.103100	0.839600	0.057300	0.041800	0.790700	0.167500
0.828700	0.026100	0.145200	0.757000	0.045700	0.197300	0.649000	0.120600	0.230400	0.534800	0.220400	0.244800	0.441600	0.335900	0.222500	0.385900	0.423300	0.190800	0.397500	0.439400	0.163100	0.440400	0.411500	0.148100	0.535300	0.308100	0.156600	0.637200	0.182500	0.180300	0.722300	0.066400	0.211300	0.751600	0.016400	0.232000	0.721000	0.054700	0.224300	0.631300	0.186900	0.181800	0.510600	0.370900	0.118500	0.346000	0.592100	0.061900	0.216900	0.754400	0.028700	0.117700	0.835500	0.046800	0.051300	0.814200	0.134500	0.027100	0.687800	0.285100
0.778300	0.038000	0.183700	0.684700	0.095400	0.219900	0.565800	0.200700	0.233500	0.468700	0.309600	0.221700	0.392500	0.408600	0.198900	0.385300	0.449900	0.164800	0.422600	0.430100	0.147300	0.510300	0.342300	0.147400	0.606100	0.223900	0.170000	0.687700	0.100400	0.211900	0.744100	0.023000	0.232900	0.724000	0.034100	0.241900	0.652400	0.140700	0.206900	0.537400	0.321000	0.141600	0.387700	0.529600	0.082700	0.241400	0.725400	0.033200	0.133200	0.831800	0.035000	0.067000	0.833800	0.099200	0.029600	0.736600	0.233800	0.025900	0.554800	0.419300
0.703200	0.085600	0.211200	0.596900	0.177800	0.225300	0.479700	0.302800	0.217500	0.426800	0.383800	0.189400	0.379300	0.457600	0.163100	0.407000	0.446700	0.146300	0.484500	0.366700	0.148800	0.576500	0.253500	0.170000	0.662700	0.121700	0.215600	0.719500	0.034900	0.245600	0.722800	0.027200	0.250000	0.665900	0.108300	0.225800	0.551600	0.274100	0.174300	0.414100	0.478900	0.107000	0.283800	0.665300	0.050900	0.154400	0.810900	0.034700	0.072300	0.843200	0.084500	0.029100	0.774400	0.196500	0.017800	0.618500	0.363700	0.031100	0.403200	0.565700
0.613400	0.161000	0.225600	0.514600	0.268700	0.216700	0.432100	0.380500	0.187400	0.385300	0.453200	0.161500	0.397200	0.458400	0.144400	0.449600	0.398000	0.152400	0.540300	0.285700	0.174000	0.636200	0.161300	0.202500	0.704900	0.054700	0.240400	0.725200	0.018900	0.255900	0.683800	0.077400	0.238800	0.586500	0.219000	0.194500	0.450000	0.421100	0.128900	0.315800	0.621100	0.063100	0.184300	0.781100	0.034600	0.088000	0.845700	0.066300	0.033900	0.808500	0.157600	0.018700	0.662800	0.318500	0.020300	0.456700	0.523000	0.037400	0.256600	0.706000
0.527600	0.255500	0.216900	0.422000	0.375900	0.202100	0.389100	0.441700	0.169200	0.385900	0.463300	0.150800	0.437300	0.411200	0.151500	0.521900	0.320900	0.157200	0.613500	0.193700	0.192800	0.691800	0.076400	0.231800	0.711500	0.021500	0.267000	0.686400	0.055200	0.258400	0.614700	0.169400	0.215900	0.488800	0.353600	0.157600	0.342700	0.568800	0.088500	0.213100	0.749000	0.037900	0.106400	0.838800	0.054800	0.042400	0.819000	0.138600	0.018300	0.703400	0.278300	0.016300	0.510800	0.472900	0.028300	0.313500	0.658200	0.034700	0.136500	0.828800
0.448700	0.352700	0.198600	0.395800	0.440900	0.163300	0.383300	0.477200	0.139500	0.421900	0.436500	0.141600	0.484600	0.354000	0.161400	0.586800	0.221700	0.191500	0.664500	0.101200	0.234300	0.706200	0.031300	0.262500	0.702000	0.035400	0.262600	0.626400	0.141400	0.232200	0.509500	0.312500	0.178000	0.375000	0.514100	0.110900	0.239100	0.707200	0.053700	0.125500	0.832700	0.041800	0.050400	0.846900	0.102700	0.020000	0.754100	0.225900	0.013400	0.560500	0.426100	0.021900	0.365300	0.612800	0.032500	0.181300	0.786200	0.034200	0.057800	0.908000
0.400100	0.430900	0.169000	0.379000	0.473200	0.147800	0.396900	0.464200	0.138900	0.470300	0.375400	0.154300	0.548000	0.261100	0.190900	0.642400	0.127700	0.229900	0.701500	0.040300	0.258200	0.697200	0.027500	0.275300	0.640400	0.101300	0.258300	0.537300	0.259600	0.203100	0.402400	0.468400	0.129200	0.266700	0.661000	0.072300	0.150000	0.807200	0.042800	0.065100	0.851000	0.083900	0.023300	0.778500	0.198200	0.012200	0.617700	0.370100	0.015800	0.418200	0.566000	0.026800	0.214400	0.758800	0.029700	0.082800	0.887500	0.029000	0.039100	0.931900
0.377200	0.477400	0.145400	0.396900	0.462600	0.140500	0.464000	0.390600	0.145400	0.533400	0.283800	0.182800	0.606500	0.159700	0.233800	0.675000	0.057300	0.267700	0.685200	0.023600	0.291200	0.655200	0.067300	0.277500	0.557000	0.211300	0.231700	0.428800	0.418900	0.152300	0.306300	0.612900	0.080800	0.184000	0.770500	0.045500	0.077800	0.855000	0.067200	0.026900	0.814800	0.158300	0.010100	0.674200	0.315700	0.011800	0.469000	0.519200	0.022100	0.264700	0.713200	0.025400	0.101600	0.873000	0.023700	0.038600	0.937700	0.021600	0.070900	0.907500
0.374200	0.488000	0.137800	0.429800	0.425400	0.144800	0.509400	0.320000	0.170600	0.582100	0.191800	0.226100	0.658200	0.077900	0.263900	0.680400	0.026000	0.293600	0.652900	0.058300	0.288800	0.567800	0.181600	0.250600	0.465600	0.353400	0.181000	0.327200	0.571000	0.101800	0.199700	0.748200	0.052100	0.096500	0.844000	0.059500	0.034600	0.832100	0.133300	0.011700	0.717400	0.270900	0.008900	0.531800	0.459300	0.015900	0.313400	0.670700	0.024900	0.137100	0.838000	0.023800	0.048500	0.927700	0.020000	0.054500	0.925500	0.017100	0.147300	0.835600
0.416300	0.438400	0.145300	0.485200	0.341700	0.173100	0.575200	0.207500	0.217300	0.633100	0.105000	0.261900	0.663200	0.032500	0.304300	0.658300	0.039500	0.302200	0.587500	0.148200	0.264300	0.484900	0.309700	0.205400	0.357400	0.511600	0.131000	0.213800	0.723100	0.063100	0.123800	0.824800	0.051400	0.046300	0.853100	0.100600	0.012100	0.757100	0.230800	0.004300	0.596400	0.399300	0.013500	0.378000	0.608500	0.017700	0.185800	0.796500	0.021300	0.065500	0.913200	0.017500	0.044800	0.937700	0.015800	0.111200	0.873000	0.031200	0.250700	0.718100
0.477900	0.354400	0.167700	0.548300	0.245400	0.206300	0.624700	0.117900	0.257400	0.662600	0.042600	0.294800	0.653300	0.033300	0.313400	0.605200	0.112000	0.282800	0.493600	0.273000	0.233400	0.383900	0.467300	0.148800	0.254700	0.659600	0.085700	0.140200	0.810200	0.049600	0.052900	0.866100	0.081000	0.017000	0.788500	0.194500	0.004000	0.646100	0.349900	0.007800	0.435800	0.556400	0.016000	0.229100	0.754900	0.020500	0.086900	0.892600	0.017800	0.036200	0.946000	0.015100	0.086000	0.898900	0.023200	0.212000	0.764800	0.056700	0.362400	0.580900
