0.304029	0.453335	0.242636	0.307149	0.453637	0.239214	0.309958	0.453704	0.236338	0.312616	0.453836	0.233548	0.316527	0.453927	0.229546	0.320491	0.451352	0.228157	0.323273	0.451060	0.225667	0.325393	0.451335	0.223272	0.329672	0.450458	0.219870	0.332464	0.449052	0.218484	0.335364	0.448590	0.216046	0.338884	0.446249	0.214867	0.340095	0.447044	0.212861	0.343308	0.445493	0.211199	0.345102	0.444957	0.209941	0.345762	0.444836	0.209402	0.346546	0.444237	0.209217	0.347869	0.443980	0.208151	0.348363	0.443218	0.208419	0.347138	0.444050	0.208812
0.300541	0.490486	0.208973	0.301935	0.491194	0.206871	0.303952	0.490633	0.205415	0.305250	0.491196	0.203554	0.308732	0.489347	0.201921	0.311936	0.488363	0.199701	0.313813	0.488408	0.197779	0.316698	0.486968	0.196334	0.319166	0.486159	0.194675	0.322167	0.484083	0.193750	0.323769	0.483863	0.192368	0.327174	0.481007	0.191819	0.328265	0.482083	0.189652	0.329780	0.480760	0.189460	0.330693	0.480382	0.188925	0.332571	0.479359	0.188070	0.334652	0.477830	0.187518	0.334959	0.478688	0.186353	0.334353	0.478496	0.187151	0.334661	0.478394	0.186945
0.295510	0.528538	0.175952	0.295271	0.529895	0.174834	0.295767	0.529617	0.174616	0.297395	0.529008	0.173597	0.298988	0.528199	0.172813	0.300093	0.527255	0.172652	0.303378	0.525696	0.170926	0.304098	0.525490	0.170412	0.306475	0.523679	0.169846	0.307806	0.523010	0.169184	0.310004	0.521496	0.168500	0.311896	0.520318	0.167786	0.313748	0.519295	0.166957	0.315228	0.518009	0.166763	0.316148	0.517229	0.166623	0.317800	0.516556	0.165644	0.317726	0.516442	0.165832	0.318634	0.515768	0.165598	0.318376	0.516944	0.164680	0.318051	0.516472	0.165477
0.285685	0.571125	0.143190	0.285395	0.570843	0.143762	0.285731	0.570280	0.143989	0.285735	0.570720	0.143545	0.286813	0.569257	0.143930	0.287681	0.568621	0.143698	0.288747	0.567325	0.143928	0.289276	0.566744	0.143980	0.291750	0.564392	0.143858	0.292200	0.563967	0.143833	0.294061	0.562359	0.143580	0.295280	0.560744	0.143976	0.295986	0.560242	0.143772	0.296448	0.559908	0.143644	0.298430	0.557896	0.143674	0.298283	0.558183	0.143534	0.300183	0.556978	0.142839	0.299643	0.557096	0.143261	0.300264	0.556842	0.142894	0.300082	0.556499	0.143419
0.275598	0.610994	0.113408	0.273802	0.611976	0.114222	0.273808	0.611464	0.114728	0.272182	0.612330	0.115488	0.272392	0.611311	0.116297	0.272383	0.610498	0.117119	0.272480	0.609985	0.117535	0.273032	0.609302	0.117666	0.273774	0.607751	0.118475	0.273510	0.607450	0.119040	0.275488	0.604417	0.120095	0.275775	0.603483	0.120742	0.277317	0.601491	0.121192	0.277684	0.600977	0.121339	0.279077	0.600311	0.120612	0.278536	0.600082	0.121382	0.278955	0.599614	0.121431	0.279707	0.598657	0.121636	0.279865	0.598021	0.122114	0.278806	0.599137	0.122057
0.262817	0.652870	0.084313	0.261167	0.652945	0.085888	0.258680	0.654287	0.087033	0.257948	0.653112	0.088940	0.256317	0.653052	0.090631	0.255271	0.653384	0.091345	0.255484	0.650958	0.093558	0.254651	0.651013	0.094336	0.254401	0.649772	0.095827	0.255303	0.647764	0.096933	0.255992	0.646851	0.097157	0.255588	0.646041	0.098371	0.256023	0.645054	0.098923	0.255738	0.644568	0.099694	0.256077	0.643430	0.100493	0.256102	0.643288	0.100610	0.256869	0.642313	0.100818	0.258043	0.641163	0.100794	0.256984	0.641752	0.101264	0.257313	0.641578	0.101109
0.249659	0.691452	0.058889	0.245326	0.693839	0.060835	0.241794	0.695468	0.062738	0.239572	0.695774	0.064654	0.238118	0.695148	0.066734	0.236200	0.695501	0.068299	0.235583	0.694161	0.070256	0.235280	0.692839	0.071881	0.233844	0.692630	0.073526	0.233550	0.691718	0.074732	0.233747	0.689791	0.076462	0.232412	0.689995	0.077593	0.232176	0.688991	0.078833	0.233000	0.687097	0.079903	0.232780	0.687012	0.080208	0.233304	0.686354	0.080342	0.233345	0.685647	0.081008	0.233742	0.684816	0.081442	0.233230	0.685374	0.081396	0.233235	0.685674	0.081091
0.234135	0.727883	0.037982	0.229676	0.730252	0.040072	0.226455	0.731165	0.042380	0.222929	0.732367	0.044704	0.220275	0.733082	0.046643	0.217609	0.733294	0.049097	0.215724	0.733231	0.051045	0.214280	0.732783	0.052937	0.212582	0.732746	0.054672	0.212120	0.731721	0.056159	0.211508	0.730490	0.058002	0.210183	0.730354	0.059463	0.210281	0.728914	0.060805	0.210723	0.728053	0.061224	0.209445	0.728229	0.062326	0.210250	0.725941	0.063809	0.209808	0.726294	0.063898	0.209594	0.726031	0.064375	0.209878	0.725934	0.064188	0.208923	0.727206	0.063871
0.217377	0.761682	0.020941	0.212031	0.764483	0.023486	0.207855	0.766694	0.025451	0.203748	0.768375	0.027877	0.201100	0.768568	0.030332	0.197931	0.769549	0.032520	0.195477	0.770126	0.034397	0.192932	0.770643	0.036425	0.191939	0.769386	0.038675	0.190055	0.769345	0.040600	0.189064	0.768308	0.042628	0.188316	0.767914	0.043770	0.186552	0.768022	0.045426	0.185930	0.767361	0.046709	0.186686	0.765739	0.047575	0.185245	0.766303	0.048452	0.185632	0.765549	0.048819	0.185118	0.765709	0.049173	0.184901	0.766078	0.049021	0.185429	0.764934	0.049637
0.200085	0.790905	0.009010	0.194998	0.794149	0.010853	0.189351	0.797608	0.013041	0.185448	0.799413	0.015139	0.181143	0.801511	0.017346	0.178323	0.802288	0.019389	0.175420	0.802826	0.021754	0.172170	0.803944	0.023886	0.169223	0.805125	0.025652	0.168663	0.803537	0.027800	0.166704	0.803581	0.029715	0.164730	0.804016	0.031254	0.164035	0.802658	0.033307	0.163021	0.802872	0.034107	0.162437	0.802305	0.035258	0.161277	0.802285	0.036438	0.161675	0.801542	0.036783	0.160872	0.801769	0.037359	0.161431	0.801263	0.037306	0.161447	0.801541	0.037012
0.182751	0.814491	0.002758	0.177179	0.818550	0.004271	0.171190	0.823056	0.005754	0.166758	0.825632	0.007610	0.162638	0.827779	0.009583	0.159341	0.828847	0.011812	0.155787	0.830485	0.013728	0.152830	0.831545	0.015625	0.150162	0.832137	0.017701	0.147847	0.832566	0.019587	0.145996	0.832792	0.021212	0.143952	0.833333	0.022715	0.142725	0.832861	0.024414	0.141415	0.832855	0.025730	0.140392	0.832672	0.026936	0.140144	0.832058	0.027798	0.139467	0.832259	0.028274	0.138968	0.832560	0.028472	0.138581	0.832992	0.028427	0.139783	0.831678	0.028539
0.165409	0.832379	0.002212	0.159974	0.837058	0.002968	0.153578	0.842449	0.003973	0.148990	0.845786	0.005224	0.144184	0.849136	0.006680	0.140613	0.851024	0.008363	0.136551	0.853419	0.010030	0.133616	0.854870	0.011514	0.130563	0.856084	0.013353	0.127876	0.857300	0.014824	0.126212	0.857170	0.016618	0.123499	0.858546	0.017955	0.122624	0.857950	0.019426	0.120236	0.859157	0.020607	0.119794	0.858540	0.021666	0.119067	0.858589	0.022344	0.118379	0.858691	0.022930	0.117650	0.858903	0.023447	0.118190	0.858459	0.023351	0.118351	0.858383	0.023266
0.149752	0.842801	0.007447	0.143977	0.848818	0.007205	0.138701	0.853831	0.007468	0.133365	0.858506	0.008129	0.128917	0.862224	0.008859	0.124634	0.865467	0.009899	0.120084	0.868875	0.011041	0.116945	0.870727	0.012328	0.114113	0.872280	0.013607	0.110734	0.874334	0.014932	0.109322	0.874435	0.016243	0.107107	0.875377	0.017516	0.104959	0.876381	0.018660	0.103885	0.876397	0.019718	0.102798	0.876323	0.020879	0.101936	0.876816	0.021248	0.101784	0.876399	0.021817	0.101029	0.877157	0.021814	0.100715	0.877246	0.022039	0.101221	0.876800	0.021979
0.135371	0.846050	0.018579	0.129867	0.852895	0.017238	0.124148	0.859407	0.016445	0.118760	0.864950	0.016290	0.114036	0.869901	0.016063	0.109955	0.873524	0.016521	0.105555	0.877452	0.016993	0.102459	0.879881	0.017660	0.100065	0.881451	0.018484	0.096671	0.883849	0.019480	0.094670	0.884899	0.020431	0.091937	0.886909	0.021154	0.090658	0.887242	0.022100	0.088956	0.888357	0.022687	0.087303	0.889561	0.023136	0.086882	0.889372	0.023746	0.085869	0.889509	0.024622	0.085347	0.889983	0.024670	0.085856	0.889496	0.024648	0.085476	0.889875	0.024649
0.122286	0.842629	0.035085	0.116363	0.851122	0.032515	0.111075	0.858611	0.030314	0.106511	0.864446	0.029043	0.101945	0.869954	0.028101	0.097757	0.874673	0.027570	0.093784	0.878686	0.027530	0.090576	0.882082	0.027342	0.087935	0.884373	0.027692	0.085611	0.886718	0.027671	0.082460	0.889205	0.028335	0.080466	0.891055	0.028479	0.079022	0.891865	0.029113	0.077528	0.892833	0.029639	0.075857	0.894047	0.030096	0.075449	0.894138	0.030413	0.074847	0.894304	0.030849	0.073704	0.895628	0.030668	0.074520	0.894418	0.031062	0.074242	0.894873	0.030885
0.110617	0.832481	0.056902	0.105600	0.841415	0.052985	0.100980	0.849053	0.049967	0.096439	0.855855	0.047706	0.091725	0.862341	0.045934	0.089015	0.867002	0.043983	0.084893	0.872118	0.042989	0.082502	0.875564	0.041934	0.079039	0.879333	0.041628	0.076864	0.882159	0.040977	0.074718	0.884471	0.040811	0.072700	0.886679	0.040621	0.070907	0.888298	0.040795	0.069514	0.889762	0.040724	0.068054	0.890708	0.041238	0.067248	0.891706	0.041046	0.066680	0.892378	0.040942	0.066172	0.892302	0.041526	0.066080	0.892660	0.041260	0.066352	0.892531	0.041117
0.101882	0.814401	0.083717	0.097714	0.823790	0.078496	0.093549	0.832251	0.074200	0.090102	0.839288	0.070610	0.085983	0.846923	0.067094	0.083254	0.852420	0.064326	0.080001	0.857962	0.062037	0.077004	0.862881	0.060115	0.075038	0.866262	0.058700	0.072234	0.870010	0.057756	0.069635	0.873464	0.056901	0.068500	0.875188	0.056312	0.066485	0.877742	0.055773	0.065547	0.879269	0.055184	0.064438	0.880865	0.054697	0.063986	0.880944	0.055070	0.063252	0.881865	0.054883	0.063056	0.882504	0.054440	0.062987	0.882266	0.054747	0.062604	0.882381	0.055015
0.096194	0.788554	0.115252	0.092120	0.799665	0.108215	0.089360	0.807819	0.102821	0.086332	0.816378	0.097290	0.083705	0.824222	0.092073	0.080723	0.830733	0.088544	0.078083	0.836417	0.085500	0.075664	0.840997	0.083339	0.073259	0.846432	0.080309	0.071257	0.850276	0.078467	0.069503	0.853155	0.077342	0.068207	0.855891	0.075902	0.066952	0.858234	0.074814	0.065696	0.859909	0.074395	0.064703	0.862343	0.072954	0.064452	0.862742	0.072806	0.063801	0.863920	0.072279	0.063707	0.864088	0.072205	0.063513	0.863928	0.072559	0.063393	0.864532	0.072075
0.092109	0.758748	0.149143	0.090340	0.769727	0.139933	0.087448	0.779426	0.133126	0.085624	0.787629	0.126747	0.083737	0.795697	0.120566	0.081172	0.802996	0.115832	0.079408	0.809015	0.111577	0.077929	0.814210	0.107861	0.075846	0.819906	0.104248	0.074667	0.823640	0.101693	0.073532	0.826936	0.099532	0.072223	0.830487	0.097290	0.070915	0.833117	0.095968	0.070435	0.835242	0.094323	0.069617	0.836822	0.093561	0.069194	0.837596	0.093210	0.068403	0.838949	0.092648	0.068651	0.839665	0.091684	0.068806	0.839323	0.091871	0.068317	0.839530	0.092153
0.092424	0.722587	0.184989	0.090975	0.733080	0.175945	0.089695	0.743152	0.167153	0.088409	0.752749	0.158842	0.087217	0.760989	0.151794	0.085905	0.768808	0.145287	0.084834	0.774926	0.140240	0.084537	0.780660	0.134803	0.083107	0.785689	0.131204	0.081746	0.790682	0.127572	0.081222	0.794964	0.123814	0.080083	0.797693	0.122224	0.079478	0.800944	0.119578	0.078834	0.802794	0.118372	0.079056	0.804544	0.116400	0.078730	0.806447	0.114823	0.077916	0.807145	0.114939	0.077680	0.807689	0.114631	0.077653	0.808723	0.113624	0.077448	0.808026	0.114526
