0.304247	0.452162	0.243591	0.306665	0.454206	0.239129	0.309358	0.453688	0.236954	0.313196	0.453367	0.233437	0.316905	0.452119	0.230976	0.319990	0.451935	0.228075	0.322913	0.451285	0.225802	0.326614	0.450552	0.222834	0.329347	0.450293	0.220360	0.331915	0.449935	0.218150	0.335814	0.447689	0.216497	0.338141	0.447150	0.214709	0.341001	0.445862	0.213137	0.343503	0.444202	0.212295	0.344320	0.444865	0.210815	0.345690	0.444734	0.209576	0.346793	0.443665	0.209542	0.347822	0.442925	0.209253	0.347459	0.443979	0.208562	0.347500	0.444253	0.208247
0.300824	0.489842	0.209334	0.302171	0.490977	0.206852	0.304120	0.490663	0.205217	0.305676	0.490383	0.203941	0.309021	0.490067	0.200912	0.311295	0.488583	0.200122	0.313321	0.488880	0.197799	0.317016	0.486326	0.196658	0.318811	0.485782	0.195407	0.321610	0.484319	0.194071	0.323959	0.484470	0.191571	0.325963	0.483174	0.190863	0.327783	0.482040	0.190177	0.329765	0.481034	0.189201	0.332147	0.479334	0.188519	0.332473	0.479113	0.188414	0.333840	0.478925	0.187235	0.334221	0.478914	0.186865	0.334377	0.479288	0.186335	0.334635	0.478616	0.186749
0.294698	0.529483	0.175819	0.294748	0.529855	0.175397	0.296809	0.528834	0.174357	0.297823	0.528917	0.173260	0.298438	0.529456	0.172106	0.300552	0.527032	0.172416	0.303522	0.525885	0.170593	0.304279	0.525452	0.170269	0.306530	0.523415	0.170055	0.308555	0.523008	0.168437	0.310181	0.521593	0.168226	0.311803	0.520122	0.168075	0.313937	0.519759	0.166304	0.315453	0.517592	0.166955	0.316263	0.518150	0.165587	0.317737	0.516680	0.165583	0.318844	0.516298	0.164858	0.318563	0.516428	0.165009	0.318984	0.515649	0.165367	0.318483	0.515530	0.165987
0.285672	0.570513	0.143815	0.285560	0.569758	0.144682	0.285658	0.570731	0.143611	0.286700	0.569166	0.144134	0.286679	0.569262	0.144059	0.287848	0.568333	0.143819	0.288311	0.567951	0.143738	0.289708	0.566078	0.144214	0.291659	0.564593	0.143748	0.292273	0.564374	0.143353	0.293890	0.561846	0.144264	0.295358	0.560720	0.143922	0.295277	0.560208	0.144515	0.297800	0.558837	0.143363	0.297750	0.558662	0.143588	0.298868	0.557500	0.143632	0.299427	0.557630	0.142943	0.300349	0.556434	0.143217	0.300491	0.555824	0.143685	0.300578	0.555956	0.143466
0.276219	0.611386	0.112395	0.273682	0.612221	0.114097	0.273172	0.612216	0.114612	0.272667	0.612256	0.115077	0.272911	0.610599	0.116490	0.271442	0.611759	0.116799	0.272444	0.609685	0.117871	0.272660	0.608991	0.118349	0.273707	0.607297	0.118996	0.274693	0.606170	0.119137	0.275340	0.605241	0.119419	0.276490	0.603037	0.120473	0.275801	0.603013	0.121186	0.278014	0.601046	0.120940	0.277719	0.600764	0.121517	0.278784	0.599761	0.121455	0.279146	0.598775	0.122079	0.279328	0.599160	0.121512	0.280492	0.597584	0.121924	0.279078	0.599223	0.121699
0.263583	0.651742	0.084675	0.261339	0.652355	0.086306	0.258797	0.653352	0.087851	0.257868	0.652992	0.089140	0.255796	0.654035	0.090169	0.255411	0.652744	0.091845	0.255245	0.651295	0.093460	0.254580	0.650949	0.094471	0.254679	0.650392	0.094929	0.254908	0.648937	0.096155	0.255123	0.647410	0.097467	0.256137	0.645730	0.098133	0.255726	0.644801	0.099473	0.256940	0.643630	0.099430	0.257209	0.643121	0.099670	0.256576	0.643233	0.100191	0.257097	0.641879	0.101024	0.257770	0.641207	0.101023	0.257398	0.641186	0.101416	0.256789	0.642232	0.100979
0.248719	0.692644	0.058637	0.245016	0.694200	0.060784	0.241856	0.695280	0.062864	0.239647	0.695616	0.064737	0.238640	0.694907	0.066453	0.236752	0.694771	0.068477	0.234931	0.694537	0.070532	0.234507	0.693168	0.072325	0.233488	0.693357	0.073155	0.233145	0.691592	0.075263	0.234018	0.690356	0.075626	0.233530	0.689101	0.077369	0.233482	0.687703	0.078815	0.232506	0.687992	0.079502	0.234253	0.685985	0.079762	0.234012	0.685143	0.080845	0.232979	0.685693	0.081328	0.233606	0.685649	0.080745	0.232453	0.685836	0.081711	0.233325	0.685473	0.081202
0.234035	0.728226	0.037739	0.229586	0.730031	0.040383	0.225431	0.732378	0.042191	0.222832	0.732844	0.044324	0.221075	0.732378	0.046547	0.217002	0.733890	0.049108	0.216351	0.732505	0.051144	0.214630	0.732849	0.052521	0.212796	0.732104	0.055100	0.212167	0.731379	0.056454	0.211619	0.730450	0.057931	0.210718	0.729896	0.059386	0.211180	0.728164	0.060656	0.210214	0.727867	0.061919	0.209832	0.727437	0.062731	0.209798	0.726525	0.063677	0.209959	0.726313	0.063728	0.210018	0.725417	0.064565	0.210146	0.725250	0.064604	0.209325	0.726659	0.064016
0.217909	0.761091	0.021000	0.213066	0.764214	0.022720	0.207616	0.767062	0.025322	0.204141	0.768079	0.027780	0.201065	0.769055	0.029880	0.198566	0.768974	0.032460	0.195572	0.769913	0.034515	0.193696	0.769667	0.036637	0.191876	0.769333	0.038791	0.189996	0.769219	0.040785	0.189207	0.768093	0.042700	0.187679	0.768133	0.044188	0.187684	0.766851	0.045465	0.186882	0.766446	0.046672	0.186346	0.766016	0.047638	0.185740	0.765649	0.048611	0.185783	0.765220	0.048997	0.184423	0.766606	0.048971	0.185352	0.765045	0.049603	0.185102	0.765320	0.049578
0.200317	0.790799	0.008884	0.193882	0.795176	0.010942	0.189669	0.797278	0.013053	0.186091	0.798767	0.015142	0.181390	0.801276	0.017334	0.178066	0.802489	0.019445	0.174844	0.803300	0.021856	0.172095	0.803963	0.023942	0.170151	0.804132	0.025717	0.168120	0.804106	0.027774	0.166662	0.803454	0.029884	0.165658	0.802916	0.031426	0.163726	0.803430	0.032844	0.162998	0.802914	0.034088	0.162946	0.801981	0.035073	0.161972	0.801730	0.036298	0.161278	0.801679	0.037043	0.161541	0.801501	0.036958	0.161293	0.801739	0.036968	0.160873	0.801948	0.037179
0.182834	0.814395	0.002771	0.177646	0.818204	0.004150	0.171215	0.822859	0.005926	0.167704	0.824694	0.007602	0.163055	0.827248	0.009697	0.158809	0.829339	0.011852	0.155396	0.830818	0.013786	0.153065	0.831315	0.015620	0.150355	0.831882	0.017763	0.147772	0.832596	0.019632	0.145683	0.833052	0.021265	0.143721	0.833273	0.023006	0.142384	0.833546	0.024070	0.141862	0.832250	0.025888	0.140540	0.832755	0.026705	0.140028	0.832080	0.027892	0.139358	0.832424	0.028218	0.139325	0.831977	0.028698	0.139724	0.831691	0.028585	0.139087	0.832631	0.028282
0.165908	0.831855	0.002237	0.159461	0.837588	0.002951	0.153655	0.842378	0.003967	0.148734	0.845935	0.005331	0.144412	0.849050	0.006538	0.140485	0.851149	0.008366	0.136559	0.853415	0.010026	0.132966	0.855615	0.011419	0.130416	0.856284	0.013300	0.127594	0.857270	0.015136	0.126252	0.857160	0.016588	0.124062	0.857836	0.018102	0.122032	0.858475	0.019493	0.121077	0.858287	0.020636	0.120185	0.858021	0.021794	0.119449	0.858147	0.022404	0.118854	0.858279	0.022867	0.117742	0.859085	0.023173	0.117757	0.858817	0.023426	0.118075	0.858929	0.022996
0.149802	0.842901	0.007297	0.144145	0.848674	0.007181	0.138511	0.854065	0.007424	0.133525	0.858549	0.007926	0.128879	0.862301	0.008820	0.123868	0.866236	0.009896	0.119680	0.869390	0.010930	0.116484	0.871307	0.012209	0.114132	0.872333	0.013535	0.111232	0.873851	0.014917	0.108519	0.875234	0.016247	0.107093	0.875491	0.017416	0.105467	0.875958	0.018575	0.104152	0.876113	0.019735	0.102797	0.876592	0.020611	0.102224	0.876544	0.021232	0.101421	0.876670	0.021909	0.101042	0.877011	0.021947	0.100676	0.877079	0.022245	0.101072	0.876978	0.021950
0.135235	0.846422	0.018343	0.129035	0.853795	0.017170	0.123748	0.859653	0.016599	0.117836	0.865938	0.016226	0.113824	0.869985	0.016191	0.110142	0.873328	0.016530	0.106281	0.876819	0.016900	0.102609	0.879839	0.017552	0.099657	0.881811	0.018532	0.096485	0.884246	0.019269	0.094682	0.885090	0.020228	0.092060	0.887046	0.020894	0.090617	0.887472	0.021911	0.089405	0.888141	0.022454	0.087804	0.888715	0.023481	0.086400	0.889710	0.023890	0.086162	0.889413	0.024425	0.084925	0.890305	0.024770	0.085769	0.889507	0.024724	0.085967	0.889516	0.024517
0.122257	0.842943	0.034800	0.116425	0.851131	0.032444	0.111661	0.857816	0.030523	0.106284	0.864661	0.029055	0.102087	0.869987	0.027926	0.098701	0.873825	0.027474	0.094163	0.878534	0.027303	0.090715	0.882251	0.027034	0.088602	0.883969	0.027429	0.085795	0.886313	0.027892	0.082626	0.889269	0.028105	0.080867	0.890351	0.028782	0.079252	0.891560	0.029188	0.077206	0.892875	0.029919	0.076559	0.893712	0.029729	0.075253	0.894067	0.030680	0.074647	0.894531	0.030822	0.074153	0.895216	0.030631	0.074123	0.894780	0.031097	0.074357	0.894670	0.030973
0.110288	0.832515	0.057197	0.105542	0.841150	0.053308	0.100592	0.849230	0.050178	0.096315	0.855932	0.047753	0.092411	0.861809	0.045780	0.088694	0.867389	0.043917	0.085472	0.871556	0.042972	0.081877	0.876348	0.041775	0.078555	0.879936	0.041509	0.076843	0.882042	0.041115	0.074986	0.884037	0.040977	0.072910	0.885983	0.041107	0.070839	0.888337	0.040824	0.069427	0.889752	0.040821	0.068520	0.890416	0.041064	0.067205	0.891587	0.041208	0.066997	0.891863	0.041140	0.066462	0.892244	0.041294	0.066084	0.892572	0.041344	0.065843	0.892906	0.041251
0.102046	0.814050	0.083904	0.097463	0.823899	0.078638	0.094138	0.831770	0.074092	0.089808	0.840420	0.069772	0.085989	0.847421	0.066590	0.082846	0.852935	0.064219	0.079508	0.858729	0.061763	0.077080	0.862533	0.060387	0.074560	0.866568	0.058872	0.071987	0.869992	0.058021	0.069589	0.873533	0.056878	0.068578	0.874853	0.056569	0.066530	0.877460	0.056010	0.065565	0.879304	0.055131	0.064696	0.880092	0.055212	0.063923	0.881160	0.054917	0.062910	0.881917	0.055173	0.062857	0.882786	0.054357	0.063141	0.882082	0.054777	0.062849	0.882347	0.054804
0.095395	0.789203	0.115402	0.092320	0.799622	0.108058	0.089309	0.808135	0.102556	0.086299	0.816281	0.097420	0.082804	0.824649	0.092547	0.080178	0.830615	0.089207	0.077788	0.836617	0.085595	0.075508	0.841712	0.082780	0.073225	0.846365	0.080410	0.071909	0.849750	0.078341	0.069608	0.853465	0.076927	0.068490	0.855627	0.075883	0.067254	0.857807	0.074939	0.066414	0.859888	0.073698	0.064978	0.861481	0.073541	0.063962	0.863260	0.072778	0.063302	0.863805	0.072893	0.063953	0.863849	0.072198	0.063247	0.864376	0.072377	0.063910	0.864224	0.071866
0.092333	0.758885	0.148782	0.090102	0.769595	0.140303	0.087491	0.779846	0.132663	0.085626	0.788237	0.126137	0.083125	0.796355	0.120520	0.081238	0.803287	0.115475	0.079581	0.808898	0.111521	0.078032	0.813945	0.108023	0.076651	0.818870	0.104479	0.074670	0.823373	0.101957	0.073475	0.827095	0.099430	0.072767	0.829654	0.097579	0.070855	0.833267	0.095878	0.070755	0.834953	0.094292	0.069576	0.837085	0.093339	0.068985	0.838548	0.092467	0.069195	0.838446	0.092359	0.068250	0.839794	0.091956	0.068237	0.839951	0.091812	0.068317	0.839910	0.091773
0.092547	0.721625	0.185828	0.091675	0.732316	0.176009	0.089476	0.743647	0.166877	0.088714	0.752323	0.158963	0.086931	0.761311	0.151758	0.086423	0.767782	0.145795	0.085093	0.774675	0.140232	0.083761	0.780428	0.135811	0.083159	0.785816	0.131025	0.082091	0.790574	0.127335	0.080578	0.793928	0.125494	0.080472	0.797246	0.122282	0.079825	0.799710	0.120465	0.078999	0.802737	0.118264	0.078428	0.805365	0.116207	0.078362	0.806467	0.115171	0.078034	0.806949	0.115017	0.077993	0.807592	0.114415	0.077987	0.808269	0.113744	0.078136	0.807474	0.114390
