0.304246	0.453016	0.242738	0.306778	0.452885	0.240337	0.310531	0.453066	0.236403	0.312638	0.453264	0.234098	0.317141	0.451285	0.231574	0.319525	0.452060	0.228415	0.322172	0.451997	0.225831	0.325660	0.451524	0.222816	0.329096	0.450321	0.220583	0.333179	0.448295	0.218526	0.335905	0.447468	0.216627	0.337689	0.447223	0.215088	0.340838	0.446010	0.213152	0.342914	0.445585	0.211501	0.345556	0.445225	0.209219	0.345663	0.444752	0.209585	0.347015	0.444486	0.208499	0.347693	0.443689	0.208618	0.347856	0.443541	0.208603	0.347209	0.444323	0.208468
0.300663	0.491126	0.208211	0.302213	0.490443	0.207344	0.303829	0.491208	0.204963	0.306900	0.489165	0.203935	0.309401	0.488755	0.201844	0.311528	0.488710	0.199762	0.313942	0.487559	0.198499	0.317018	0.486411	0.196571	0.319699	0.485270	0.195031	0.321636	0.484615	0.193749	0.323696	0.483601	0.192703	0.326436	0.482071	0.191493	0.328149	0.481595	0.190256	0.329542	0.480894	0.189564	0.332278	0.478998	0.188724	0.332732	0.479250	0.188018	0.333365	0.478776	0.187859	0.334034	0.478567	0.187399	0.335100	0.478786	0.186114	0.334457	0.478091	0.187452
0.295292	0.529069	0.175639	0.295375	0.529336	0.175289	0.296589	0.529242	0.174169	0.297059	0.529758	0.173183	0.298767	0.528099	0.173134	0.301387	0.526488	0.172125	0.301964	0.527060	0.170976	0.304619	0.525885	0.169496	0.306242	0.524233	0.169525	0.308790	0.522135	0.169075	0.309194	0.522648	0.168158	0.312245	0.520405	0.167350	0.314484	0.518651	0.166865	0.315293	0.518413	0.166294	0.315887	0.518280	0.165833	0.316937	0.517075	0.165988	0.318687	0.515826	0.165487	0.318845	0.516006	0.165149	0.318297	0.517123	0.164580	0.318833	0.516249	0.164918
0.286846	0.569364	0.143790	0.286126	0.569924	0.143950	0.285477	0.570634	0.143889	0.285499	0.571316	0.143185	0.286759	0.569805	0.143436	0.287760	0.568661	0.143579	0.288053	0.568320	0.143627	0.288831	0.566989	0.144180	0.291412	0.565356	0.143232	0.292742	0.563172	0.144086	0.293950	0.562464	0.143586	0.294509	0.561937	0.143554	0.296843	0.559449	0.143708	0.296998	0.560155	0.142847	0.298894	0.557580	0.143526	0.298709	0.557831	0.143460	0.299239	0.556737	0.144024	0.299964	0.556404	0.143632	0.300295	0.556324	0.143381	0.299241	0.557105	0.143654
0.276033	0.611004	0.112963	0.274378	0.612552	0.113070	0.273148	0.611787	0.115065	0.272617	0.611746	0.115637	0.272422	0.611123	0.116455	0.272123	0.610910	0.116967	0.272199	0.610312	0.117489	0.273626	0.608046	0.118328	0.273605	0.606447	0.119948	0.274888	0.605883	0.119229	0.274768	0.604908	0.120324	0.276264	0.603641	0.120095	0.277802	0.601517	0.120681	0.276746	0.601797	0.121457	0.278242	0.599945	0.121813	0.278516	0.599854	0.121630	0.278791	0.599320	0.121889	0.278974	0.599617	0.121409	0.279329	0.599454	0.121217	0.279325	0.598989	0.121686
0.263213	0.651978	0.084809	0.260529	0.653431	0.086040	0.258577	0.653965	0.087458	0.257312	0.653607	0.089081	0.256736	0.652471	0.090793	0.255315	0.652719	0.091966	0.255166	0.651047	0.093787	0.255308	0.650424	0.094268	0.254972	0.649341	0.095687	0.254740	0.648773	0.096487	0.255125	0.647387	0.097488	0.255435	0.646665	0.097900	0.256045	0.645233	0.098722	0.256013	0.644163	0.099824	0.256353	0.643881	0.099766	0.257695	0.641784	0.100521	0.256694	0.642682	0.100624	0.257737	0.641067	0.101196	0.256745	0.641598	0.101657	0.258141	0.640837	0.101022
0.249122	0.692165	0.058713	0.246159	0.692727	0.061114	0.242080	0.694796	0.063124	0.240180	0.695039	0.064781	0.238819	0.694591	0.066590	0.236537	0.694966	0.068497	0.235402	0.694321	0.070277	0.235134	0.693103	0.071763	0.234775	0.691790	0.073435	0.233846	0.691336	0.074818	0.233146	0.690639	0.076215	0.233947	0.688485	0.077568	0.233120	0.688280	0.078600	0.233111	0.687135	0.079754	0.232373	0.687099	0.080528	0.232888	0.686311	0.080801	0.232675	0.686607	0.080718	0.233154	0.685585	0.081261	0.232735	0.685981	0.081284	0.233683	0.684927	0.081390
0.233594	0.728748	0.037658	0.228486	0.731249	0.040265	0.226882	0.730844	0.042274	0.221933	0.733293	0.044774	0.219946	0.732303	0.047751	0.217264	0.734018	0.048718	0.216371	0.732239	0.051390	0.214928	0.732376	0.052696	0.213682	0.731771	0.054547	0.211958	0.732071	0.055971	0.212141	0.729277	0.058582	0.210946	0.729214	0.059840	0.210427	0.728691	0.060882	0.210546	0.727784	0.061670	0.209709	0.727610	0.062681	0.210104	0.726268	0.063628	0.210031	0.726060	0.063909	0.209962	0.725788	0.064250	0.209521	0.726115	0.064364	0.209614	0.726211	0.064175
0.217868	0.761137	0.020995	0.213227	0.763587	0.023186	0.208234	0.766201	0.025565	0.203522	0.768621	0.027857	0.200510	0.769373	0.030117	0.198209	0.769229	0.032562	0.195035	0.770407	0.034558	0.193763	0.769773	0.036464	0.190970	0.770174	0.038856	0.189959	0.769457	0.040584	0.189099	0.768463	0.042438	0.187928	0.768299	0.043773	0.186808	0.768055	0.045137	0.187280	0.766176	0.046544	0.185700	0.766797	0.047503	0.185906	0.765398	0.048696	0.185228	0.765664	0.049108	0.185145	0.765365	0.049490	0.185643	0.764868	0.049489	0.185540	0.765081	0.049379
0.200470	0.790814	0.008716	0.194630	0.794772	0.010598	0.189315	0.797831	0.012854	0.185471	0.799380	0.015149	0.181531	0.801342	0.017127	0.177238	0.803122	0.019640	0.174825	0.803276	0.021899	0.172042	0.804075	0.023883	0.169801	0.804042	0.026157	0.167298	0.804817	0.027885	0.166770	0.803630	0.029600	0.165018	0.803782	0.031200	0.164218	0.802855	0.032927	0.163409	0.802409	0.034182	0.163219	0.801449	0.035332	0.162080	0.801879	0.036041	0.161437	0.801701	0.036862	0.161371	0.801693	0.036936	0.161532	0.801172	0.037296	0.160690	0.802368	0.036942
0.183741	0.813519	0.002740	0.177769	0.818045	0.004186	0.172331	0.821804	0.005865	0.166287	0.825854	0.007859	0.163519	0.826759	0.009722	0.158667	0.829672	0.011661	0.155425	0.830793	0.013782	0.152372	0.831761	0.015867	0.150520	0.831878	0.017602	0.147743	0.832569	0.019688	0.146065	0.832555	0.021380	0.144344	0.832682	0.022974	0.143076	0.832548	0.024376	0.141757	0.832626	0.025617	0.141121	0.832272	0.026607	0.139127	0.833079	0.027794	0.139821	0.832253	0.027926	0.139101	0.832347	0.028552	0.140098	0.831159	0.028743	0.139318	0.832137	0.028545
0.165225	0.832598	0.002177	0.159745	0.837260	0.002995	0.153578	0.842448	0.003974	0.148894	0.845834	0.005272	0.144955	0.848282	0.006763	0.139792	0.851985	0.008223	0.136631	0.853321	0.010048	0.133935	0.854418	0.011647	0.130791	0.855791	0.013418	0.128096	0.856893	0.015011	0.125801	0.857373	0.016826	0.124000	0.857900	0.018100	0.122952	0.857617	0.019431	0.121005	0.858397	0.020598	0.119745	0.858786	0.021469	0.118986	0.858749	0.022265	0.118517	0.858363	0.023120	0.118887	0.858156	0.022957	0.117827	0.858680	0.023493	0.117972	0.858401	0.023627
0.149829	0.842828	0.007343	0.143715	0.849049	0.007236	0.138514	0.854032	0.007454	0.133236	0.858732	0.008032	0.128581	0.862360	0.009059	0.124240	0.865746	0.010014	0.120441	0.868422	0.011137	0.117662	0.870043	0.012295	0.114040	0.872341	0.013619	0.111666	0.873401	0.014933	0.108815	0.874707	0.016478	0.107623	0.874830	0.017547	0.105690	0.875585	0.018725	0.104110	0.875950	0.019940	0.102738	0.876608	0.020654	0.102102	0.876833	0.021065	0.100722	0.877244	0.022034	0.101092	0.876802	0.022106	0.100517	0.877360	0.022123	0.100583	0.877400	0.022017
0.135350	0.846165	0.018485	0.129268	0.853443	0.017289	0.124327	0.859226	0.016447	0.118666	0.864974	0.016360	0.114277	0.869874	0.015849	0.109031	0.874670	0.016299	0.106287	0.876604	0.017109	0.103525	0.879074	0.017401	0.100061	0.881511	0.018428	0.097123	0.883703	0.019174	0.094136	0.885643	0.020221	0.092388	0.886601	0.021011	0.089844	0.888409	0.021747	0.089061	0.888184	0.022755	0.087566	0.888847	0.023587	0.086828	0.889228	0.023944	0.086448	0.889220	0.024332	0.085767	0.889695	0.024538	0.085752	0.889619	0.024629	0.085920	0.889365	0.024715
0.122484	0.842672	0.034844	0.116403	0.851154	0.032443	0.111278	0.858203	0.030519	0.106357	0.864267	0.029376	0.102142	0.869498	0.028360	0.097650	0.874425	0.027925	0.094438	0.878313	0.027249	0.091436	0.881006	0.027558	0.087915	0.884409	0.027676	0.085370	0.886790	0.027840	0.082657	0.889053	0.028290	0.080704	0.890891	0.028405	0.079199	0.891663	0.029138	0.077696	0.892517	0.029787	0.075662	0.894161	0.030177	0.075209	0.894112	0.030679	0.074279	0.894858	0.030863	0.074215	0.895016	0.030769	0.074205	0.894708	0.031087	0.074143	0.894920	0.030937
0.110684	0.831794	0.057522	0.105814	0.841030	0.053156	0.101104	0.848882	0.050014	0.096690	0.855425	0.047885	0.092652	0.861692	0.045656	0.088866	0.867377	0.043757	0.085107	0.872109	0.042784	0.081838	0.876257	0.041905	0.079504	0.879148	0.041348	0.076849	0.882018	0.041133	0.074321	0.885009	0.040670	0.072722	0.886844	0.040434	0.071109	0.888334	0.040557	0.069523	0.889482	0.040995	0.068400	0.890589	0.041011	0.067728	0.891332	0.040940	0.066889	0.891982	0.041129	0.066174	0.892448	0.041378	0.065900	0.892901	0.041199	0.066606	0.892246	0.041148
0.101504	0.814777	0.083719	0.097868	0.823511	0.078621	0.093589	0.832857	0.073554	0.089657	0.840466	0.069877	0.086365	0.847038	0.066597	0.082965	0.852930	0.064105	0.079716	0.858001	0.062283	0.077449	0.862601	0.059950	0.074229	0.867097	0.058674	0.072078	0.870379	0.057543	0.070368	0.872676	0.056956	0.068612	0.875221	0.056167	0.066733	0.877710	0.055557	0.065483	0.879205	0.055312	0.064610	0.880067	0.055323	0.063462	0.881249	0.055289	0.063184	0.881825	0.054991	0.062930	0.881999	0.055071	0.062553	0.882087	0.055360	0.062592	0.882294	0.055114
0.095525	0.789686	0.114789	0.092211	0.799761	0.108028	0.088834	0.808672	0.102494	0.085763	0.817211	0.097026	0.083339	0.824069	0.092592	0.080609	0.830201	0.089190	0.077629	0.836974	0.085397	0.075776	0.841353	0.082871	0.073740	0.845537	0.080723	0.070991	0.850342	0.078667	0.069546	0.853017	0.077437	0.068293	0.856309	0.075398	0.066623	0.858821	0.074556	0.065467	0.860306	0.074227	0.064940	0.861798	0.073262	0.064486	0.862746	0.072768	0.063650	0.863240	0.073110	0.063564	0.864016	0.072420	0.063008	0.864537	0.072455	0.062919	0.865069	0.072012
0.092292	0.758934	0.148774	0.089902	0.768832	0.141266	0.087637	0.779151	0.133212	0.084952	0.788218	0.126830	0.083198	0.796292	0.120510	0.081170	0.803139	0.115691	0.079612	0.809325	0.111063	0.077525	0.814566	0.107909	0.075767	0.819687	0.104546	0.074516	0.823797	0.101687	0.073623	0.826915	0.099462	0.072339	0.830284	0.097377	0.071117	0.832458	0.096425	0.070553	0.834563	0.094884	0.069806	0.836766	0.093428	0.068785	0.838764	0.092451	0.069286	0.838707	0.092007	0.068489	0.839295	0.092216	0.067851	0.839552	0.092597	0.068763	0.839165	0.092072
0.092569	0.722566	0.184865	0.090863	0.732775	0.176362	0.089336	0.743291	0.167373	0.088612	0.752648	0.158740	0.087255	0.760559	0.152186	0.085938	0.768576	0.145486	0.085317	0.774291	0.140392	0.083946	0.779764	0.136290	0.082573	0.785631	0.131796	0.082191	0.790201	0.127608	0.081135	0.793768	0.125097	0.080861	0.797630	0.121509	0.079754	0.800714	0.119532	0.079137	0.803467	0.117396	0.078528	0.804974	0.116498	0.078516	0.805599	0.115885	0.078426	0.806897	0.114677	0.077610	0.807807	0.114583	0.077833	0.808601	0.113566	0.077993	0.807770	0.114237
