0.304670	0.452574	0.242756	0.307692	0.453341	0.238967	0.310329	0.453094	0.236577	0.313558	0.453888	0.232554	0.316110	0.452827	0.231063	0.320162	0.452309	0.227529	0.322666	0.451982	0.225352	0.326119	0.450628	0.223253	0.328966	0.450165	0.220869	0.332602	0.449260	0.218138	0.335115	0.448058	0.216827	0.338233	0.446635	0.215132	0.340525	0.445626	0.213849	0.342277	0.446007	0.211716	0.344453	0.444672	0.210875	0.345376	0.444409	0.210215	0.347225	0.443925	0.208850	0.346749	0.444549	0.208702	0.347510	0.443853	0.208637	0.348783	0.443524	0.207693
0.301432	0.490314	0.208254	0.302516	0.490196	0.207288	0.304828	0.489924	0.205248	0.306745	0.489723	0.203532	0.308249	0.489621	0.202130	0.311451	0.488405	0.200144	0.313693	0.487977	0.198330	0.315782	0.487533	0.196685	0.319752	0.485727	0.194521	0.321325	0.484219	0.194456	0.324792	0.483099	0.192109	0.325925	0.482471	0.191604	0.328083	0.481798	0.190119	0.329718	0.481271	0.189011	0.331810	0.479673	0.188517	0.332996	0.478904	0.188100	0.333015	0.479203	0.187782	0.334245	0.478840	0.186915	0.333798	0.479447	0.186755	0.333813	0.479412	0.186775
0.294620	0.529687	0.175693	0.294193	0.530111	0.175696	0.296152	0.529889	0.173959	0.296546	0.529101	0.174353	0.299126	0.528473	0.172401	0.300498	0.527054	0.172448	0.302207	0.526499	0.171294	0.304697	0.525566	0.169737	0.306134	0.523659	0.170207	0.308147	0.523509	0.168344	0.309935	0.522165	0.167900	0.312073	0.520337	0.167590	0.313752	0.518654	0.167594	0.314970	0.518771	0.166259	0.316984	0.517084	0.165932	0.317931	0.516865	0.165204	0.318328	0.515433	0.166239	0.318618	0.516469	0.164913	0.318995	0.515466	0.165539	0.318732	0.516495	0.164773
0.285826	0.570301	0.143873	0.285516	0.570484	0.144000	0.285374	0.570832	0.143794	0.285531	0.570627	0.143842	0.286961	0.569448	0.143591	0.286908	0.569353	0.143739	0.288159	0.567557	0.144284	0.290439	0.566145	0.143416	0.291029	0.565693	0.143278	0.292930	0.563510	0.143560	0.292634	0.563267	0.144099	0.295237	0.561177	0.143586	0.296319	0.559986	0.143695	0.297033	0.559483	0.143484	0.298017	0.558543	0.143440	0.299598	0.556796	0.143606	0.299787	0.556937	0.143276	0.299725	0.557204	0.143071	0.300481	0.556382	0.143137	0.300506	0.556373	0.143121
0.275887	0.611473	0.112640	0.273851	0.612716	0.113433	0.272616	0.612463	0.114921	0.273407	0.610916	0.115677	0.272152	0.611684	0.116164	0.272181	0.610605	0.117214	0.272742	0.609781	0.117477	0.272473	0.609559	0.117968	0.274139	0.606394	0.119467	0.275090	0.605410	0.119500	0.275054	0.605260	0.119686	0.275716	0.603643	0.120641	0.277575	0.601825	0.120600	0.277616	0.601268	0.121116	0.278134	0.600937	0.120929	0.278032	0.600091	0.121877	0.279204	0.599375	0.121421	0.280543	0.598444	0.121013	0.279162	0.599814	0.121024	0.278497	0.599862	0.121641
0.263154	0.652242	0.084604	0.261086	0.652828	0.086086	0.257970	0.654596	0.087434	0.257735	0.653466	0.088799	0.256036	0.653301	0.090663	0.255634	0.652369	0.091997	0.255166	0.651568	0.093266	0.254498	0.650382	0.095120	0.254903	0.649110	0.095987	0.255278	0.648342	0.096380	0.254537	0.648079	0.097384	0.255294	0.646400	0.098306	0.256849	0.644621	0.098530	0.256487	0.644028	0.099485	0.256426	0.643665	0.099909	0.256669	0.642971	0.100360	0.257694	0.641416	0.100890	0.256721	0.642509	0.100770	0.257721	0.641167	0.101112	0.257500	0.641847	0.100653
0.248892	0.692418	0.058690	0.245806	0.693571	0.060623	0.242740	0.694951	0.062309	0.239912	0.694859	0.065229	0.237858	0.695408	0.066734	0.236441	0.694958	0.068601	0.235697	0.693946	0.070357	0.234827	0.693578	0.071595	0.233418	0.692949	0.073633	0.233786	0.691217	0.074997	0.233294	0.690685	0.076021	0.232831	0.690076	0.077093	0.232985	0.688266	0.078749	0.233114	0.687265	0.079621	0.233150	0.687152	0.079698	0.232889	0.686086	0.081025	0.233334	0.686001	0.080665	0.233678	0.685482	0.080840	0.233313	0.685399	0.081288	0.232958	0.685093	0.081949
0.234015	0.728073	0.037912	0.229725	0.730214	0.040061	0.225353	0.731785	0.042862	0.222277	0.733202	0.044521	0.219586	0.733337	0.047077	0.217915	0.733374	0.048711	0.216395	0.732506	0.051099	0.214403	0.732988	0.052609	0.213784	0.731822	0.054394	0.212025	0.731952	0.056023	0.211822	0.729675	0.058503	0.210876	0.729481	0.059643	0.210721	0.728356	0.060923	0.210062	0.727609	0.062329	0.210310	0.726768	0.062922	0.209643	0.726807	0.063550	0.209160	0.726460	0.064380	0.209218	0.726853	0.063929	0.209450	0.725840	0.064710	0.209996	0.725422	0.064582
0.217149	0.761921	0.020930	0.212012	0.764635	0.023353	0.207677	0.767122	0.025201	0.204027	0.768452	0.027521	0.200786	0.769126	0.030088	0.198536	0.769530	0.031934	0.195484	0.770014	0.034502	0.193760	0.769799	0.036441	0.191270	0.769940	0.038790	0.190085	0.768950	0.040965	0.189704	0.768110	0.042186	0.188472	0.767346	0.044182	0.186897	0.767797	0.045306	0.187046	0.766115	0.046839	0.186034	0.766296	0.047670	0.185505	0.765841	0.048654	0.185243	0.765784	0.048973	0.185562	0.764909	0.049529	0.185728	0.764601	0.049671	0.184903	0.765572	0.049525
0.200159	0.790964	0.008877	0.194144	0.795014	0.010842	0.189561	0.797603	0.012836	0.184815	0.799823	0.015362	0.181192	0.801744	0.017064	0.177224	0.803232	0.019544	0.175160	0.802791	0.022049	0.172436	0.804092	0.023472	0.169388	0.804439	0.026173	0.168221	0.803801	0.027978	0.167131	0.802790	0.030079	0.164932	0.803653	0.031415	0.163067	0.803976	0.032957	0.163150	0.802654	0.034196	0.162190	0.802320	0.035490	0.162044	0.801771	0.036185	0.161540	0.801716	0.036744	0.161090	0.801877	0.037033	0.161056	0.802127	0.036817	0.161275	0.801525	0.037200
0.183188	0.813860	0.002952	0.177904	0.817934	0.004162	0.171571	0.822491	0.005938	0.166528	0.825614	0.007858	0.163040	0.827343	0.009617	0.158936	0.829540	0.011524	0.155073	0.831128	0.013799	0.153042	0.831354	0.015604	0.149849	0.832650	0.017501	0.147588	0.832866	0.019546	0.146036	0.832470	0.021494	0.144295	0.832649	0.023056	0.142636	0.833262	0.024102	0.142004	0.832761	0.025235	0.140844	0.832219	0.026937	0.139929	0.832530	0.027541	0.139677	0.832152	0.028171	0.139273	0.832253	0.028474	0.138758	0.832410	0.028832	0.139521	0.832014	0.028465
0.165063	0.832796	0.002141	0.159823	0.837229	0.002948	0.154262	0.841677	0.004061	0.149011	0.845623	0.005366	0.144101	0.849133	0.006766	0.140432	0.851324	0.008244	0.136815	0.853344	0.009841	0.133006	0.855233	0.011761	0.130921	0.855734	0.013345	0.128259	0.856543	0.015198	0.126007	0.857243	0.016750	0.124274	0.857925	0.017801	0.122153	0.858378	0.019469	0.121137	0.858289	0.020574	0.120747	0.857630	0.021623	0.119089	0.858556	0.022355	0.118709	0.858262	0.023029	0.118120	0.858277	0.023603	0.118323	0.858269	0.023408	0.118309	0.858233	0.023458
0.150098	0.842500	0.007402	0.144010	0.848712	0.007278	0.138681	0.853795	0.007524	0.133135	0.858866	0.007999	0.128332	0.862667	0.009001	0.124083	0.865903	0.010014	0.121090	0.867907	0.011003	0.117530	0.870272	0.012198	0.114192	0.872011	0.013797	0.110788	0.874157	0.015055	0.109177	0.874258	0.016565	0.106985	0.875501	0.017514	0.105556	0.875924	0.018520	0.104448	0.875888	0.019664	0.102525	0.877122	0.020353	0.102361	0.876269	0.021370	0.101756	0.876414	0.021830	0.100729	0.877041	0.022230	0.100825	0.876934	0.022241	0.101193	0.876782	0.022025
0.135245	0.846152	0.018603	0.128937	0.853845	0.017218	0.123587	0.859881	0.016532	0.118616	0.865260	0.016124	0.114304	0.869370	0.016326	0.109414	0.874249	0.016337	0.105751	0.877378	0.016871	0.102015	0.880535	0.017450	0.099817	0.881768	0.018415	0.096304	0.884581	0.019115	0.094212	0.885695	0.020093	0.092405	0.886606	0.020989	0.090595	0.887406	0.021999	0.089447	0.887815	0.022738	0.087827	0.888803	0.023370	0.087026	0.889152	0.023822	0.086384	0.889136	0.024480	0.085313	0.890180	0.024507	0.085599	0.889609	0.024792	0.086001	0.889496	0.024503
0.121741	0.843106	0.035153	0.116352	0.851082	0.032566	0.111831	0.857562	0.030607	0.106593	0.864232	0.029175	0.102028	0.869633	0.028339	0.097862	0.874252	0.027886	0.094288	0.878422	0.027290	0.091020	0.881645	0.027335	0.088033	0.884734	0.027233	0.085404	0.886912	0.027684	0.082829	0.889157	0.028014	0.080699	0.890928	0.028373	0.078645	0.892032	0.029323	0.077777	0.892488	0.029735	0.076660	0.893254	0.030086	0.075102	0.894094	0.030804	0.074971	0.894105	0.030924	0.074541	0.894857	0.030602	0.074333	0.894670	0.030997	0.074600	0.894331	0.031069
0.111060	0.831921	0.057019	0.106268	0.840256	0.053476	0.100996	0.848517	0.050487	0.096224	0.856020	0.047756	0.092206	0.862011	0.045783	0.088954	0.867202	0.043844	0.085563	0.871462	0.042975	0.082641	0.875456	0.041903	0.078777	0.879820	0.041403	0.077043	0.881553	0.041404	0.074455	0.884931	0.040614	0.072363	0.886797	0.040840	0.070813	0.888235	0.040952	0.069650	0.889283	0.041067	0.068343	0.890530	0.041127	0.067184	0.891511	0.041305	0.066607	0.892041	0.041352	0.066748	0.892114	0.041138	0.066340	0.892316	0.041344	0.065926	0.892916	0.041158
0.102160	0.814480	0.083360	0.097668	0.823703	0.078629	0.093727	0.832728	0.073545	0.089571	0.840776	0.069653	0.086308	0.847019	0.066673	0.082795	0.853554	0.063651	0.079666	0.858159	0.062175	0.077122	0.862736	0.060142	0.074575	0.866785	0.058640	0.072402	0.869888	0.057710	0.070524	0.872661	0.056815	0.068152	0.875497	0.056351	0.066995	0.877508	0.055497	0.065809	0.878589	0.055602	0.064377	0.880492	0.055131	0.063331	0.881510	0.055159	0.063091	0.882096	0.054813	0.062925	0.882444	0.054631	0.062326	0.882878	0.054796	0.062791	0.882332	0.054877
0.096281	0.788820	0.114899	0.091885	0.799739	0.108376	0.088673	0.809303	0.102024	0.086100	0.817001	0.096899	0.083076	0.824543	0.092381	0.080439	0.830460	0.089101	0.077476	0.837192	0.085332	0.075163	0.842161	0.082676	0.072806	0.847109	0.080085	0.071528	0.850016	0.078456	0.069731	0.852941	0.077328	0.068211	0.855860	0.075929	0.066897	0.858116	0.074987	0.065819	0.860406	0.073775	0.065029	0.861450	0.073521	0.064337	0.862555	0.073108	0.063978	0.863113	0.072909	0.063618	0.864602	0.071780	0.063359	0.864137	0.072504	0.063359	0.864329	0.072312
0.091822	0.759223	0.148955	0.089978	0.770254	0.139768	0.088246	0.778938	0.132816	0.085208	0.787853	0.126939	0.082961	0.795933	0.121106	0.081736	0.803073	0.115191	0.079976	0.808988	0.111036	0.077614	0.814835	0.107551	0.076153	0.819430	0.104417	0.074458	0.824721	0.100821	0.073720	0.826605	0.099675	0.071984	0.831133	0.096883	0.070849	0.833424	0.095727	0.070396	0.835033	0.094571	0.069328	0.837510	0.093162	0.069140	0.838224	0.092636	0.068518	0.839123	0.092359	0.068507	0.840094	0.091399	0.068766	0.839446	0.091788	0.068907	0.839365	0.091728
0.092872	0.721736	0.185392	0.091500	0.732434	0.176066	0.089558	0.743017	0.167425	0.088844	0.751927	0.159229	0.087369	0.760317	0.152314	0.085797	0.768950	0.145253	0.085100	0.774998	0.139902	0.084056	0.780107	0.135837	0.082709	0.785940	0.131351	0.082371	0.790230	0.127399	0.081111	0.794152	0.124737	0.080420	0.797732	0.121848	0.079718	0.800996	0.119286	0.079382	0.801837	0.118781	0.078788	0.804924	0.116288	0.078307	0.805419	0.116274	0.078295	0.807026	0.114679	0.077821	0.807932	0.114247	0.077926	0.807876	0.114198	0.078153	0.807916	0.113931
