0.304495	0.452978	0.242527	0.306920	0.453621	0.239459	0.310448	0.453195	0.236357	0.313210	0.453017	0.233773	0.316804	0.452680	0.230516	0.320117	0.451756	0.228127	0.323684	0.451132	0.225184	0.326726	0.450643	0.222631	0.329770	0.449768	0.220462	0.333170	0.448696	0.218134	0.335183	0.448578	0.216239	0.338428	0.446182	0.215390	0.340201	0.446725	0.213074	0.342014	0.446855	0.211131	0.344096	0.445670	0.210234	0.345292	0.445071	0.209637	0.346432	0.443938	0.209630	0.347055	0.444450	0.208495	0.347168	0.443606	0.209226	0.347934	0.443776	0.208290
0.300401	0.491333	0.208266	0.302506	0.490494	0.207000	0.304054	0.490380	0.205566	0.306735	0.489775	0.203490	0.309322	0.488806	0.201872	0.312088	0.488602	0.199310	0.314537	0.488005	0.197458	0.316559	0.486974	0.196467	0.318699	0.486158	0.195143	0.322402	0.483968	0.193630	0.324383	0.483127	0.192490	0.325617	0.482114	0.192269	0.328904	0.481076	0.190020	0.329346	0.481538	0.189116	0.331994	0.479514	0.188492	0.332325	0.479639	0.188036	0.333264	0.478776	0.187960	0.333750	0.479034	0.187216	0.334524	0.478408	0.187068	0.334538	0.478012	0.187450
0.294363	0.528898	0.176739	0.294874	0.530702	0.174424	0.296349	0.529510	0.174141	0.297439	0.529462	0.173099	0.299304	0.527653	0.173043	0.300453	0.527590	0.171957	0.302709	0.526870	0.170421	0.304036	0.525813	0.170151	0.306032	0.524746	0.169222	0.308196	0.523089	0.168715	0.310135	0.521783	0.168082	0.311511	0.521130	0.167359	0.313679	0.519320	0.167001	0.315081	0.518141	0.166778	0.316030	0.518227	0.165743	0.317126	0.517097	0.165777	0.318353	0.515907	0.165740	0.318428	0.516800	0.164772	0.318543	0.515613	0.165844	0.318857	0.515719	0.165424
0.286016	0.570316	0.143668	0.286644	0.570172	0.143184	0.285462	0.570944	0.143594	0.285678	0.570309	0.144013	0.286376	0.569444	0.144180	0.287049	0.569135	0.143816	0.288822	0.566719	0.144459	0.288631	0.567446	0.143923	0.291160	0.565060	0.143780	0.292798	0.563555	0.143647	0.293936	0.562750	0.143314	0.295363	0.561943	0.142694	0.296047	0.559843	0.144110	0.297489	0.559065	0.143446	0.298244	0.558402	0.143354	0.300047	0.557222	0.142731	0.299267	0.557234	0.143499	0.299550	0.557349	0.143101	0.299809	0.557349	0.142842	0.300472	0.555885	0.143643
0.276088	0.611409	0.112503	0.273633	0.612597	0.113770	0.273297	0.611918	0.114785	0.273169	0.611217	0.115614	0.272572	0.610996	0.116432	0.272414	0.610579	0.117007	0.272326	0.609913	0.117761	0.273104	0.608182	0.118714	0.274652	0.606457	0.118891	0.274801	0.606456	0.118743	0.275852	0.604313	0.119835	0.275826	0.603334	0.120840	0.277230	0.602740	0.120030	0.276987	0.602707	0.120306	0.277609	0.600841	0.121550	0.279193	0.599875	0.120932	0.280003	0.598478	0.121519	0.279870	0.598425	0.121705	0.279605	0.598791	0.121604	0.279443	0.598934	0.121623
0.264186	0.651361	0.084453	0.260335	0.653271	0.086394	0.258887	0.653671	0.087442	0.258055	0.652667	0.089278	0.255738	0.653465	0.090797	0.254927	0.653217	0.091856	0.254713	0.651814	0.093473	0.255059	0.650833	0.094108	0.253920	0.651017	0.095063	0.254870	0.648088	0.097042	0.255036	0.647750	0.097214	0.255663	0.646440	0.097897	0.255301	0.645680	0.099019	0.256079	0.644071	0.099850	0.256328	0.643122	0.100550	0.256829	0.642686	0.100485	0.257131	0.641832	0.101037	0.257830	0.641827	0.100343	0.257328	0.641568	0.101104	0.257436	0.641415	0.101149
0.250636	0.690606	0.058758	0.245590	0.693764	0.060646	0.242886	0.694515	0.062599	0.240905	0.694726	0.064369	0.238228	0.695399	0.066373	0.236766	0.694653	0.068581	0.236482	0.693184	0.070334	0.234897	0.693150	0.071953	0.234135	0.692099	0.073766	0.233962	0.691301	0.074737	0.233313	0.690182	0.076505	0.233139	0.689588	0.077273	0.233298	0.688084	0.078618	0.233315	0.687671	0.079014	0.232959	0.687098	0.079943	0.233057	0.686249	0.080694	0.233255	0.685583	0.081162	0.233485	0.685332	0.081183	0.232788	0.686005	0.081207	0.232863	0.685542	0.081595
0.233757	0.728155	0.038088	0.230224	0.729755	0.040021	0.225635	0.731838	0.042527	0.222160	0.733525	0.044315	0.219605	0.733695	0.046700	0.218452	0.732564	0.048984	0.215821	0.733371	0.050808	0.214771	0.731866	0.053363	0.212763	0.732483	0.054754	0.211952	0.732088	0.055960	0.211714	0.730051	0.058235	0.210744	0.729746	0.059510	0.211085	0.728097	0.060818	0.210709	0.727773	0.061518	0.210009	0.727063	0.062928	0.209574	0.727189	0.063237	0.209725	0.725985	0.064290	0.209718	0.725479	0.064803	0.209152	0.726655	0.064193	0.210107	0.725721	0.064172
0.217617	0.761756	0.020627	0.212020	0.764984	0.022996	0.207618	0.767036	0.025346	0.203978	0.768404	0.027618	0.201198	0.768573	0.030229	0.197768	0.769947	0.032285	0.195049	0.770504	0.034447	0.193358	0.770172	0.036470	0.191297	0.769998	0.038705	0.190514	0.769029	0.040457	0.189189	0.767997	0.042814	0.188078	0.768215	0.043707	0.187301	0.767461	0.045238	0.186069	0.767230	0.046701	0.185850	0.766589	0.047561	0.185851	0.765846	0.048303	0.185862	0.765274	0.048864	0.185335	0.765514	0.049151	0.185205	0.764786	0.050009	0.185282	0.765136	0.049582
0.199391	0.791563	0.009046	0.194129	0.794904	0.010967	0.189105	0.798087	0.012808	0.184955	0.799868	0.015177	0.180833	0.802143	0.017024	0.176907	0.803512	0.019581	0.174804	0.803497	0.021699	0.171409	0.804721	0.023870	0.170037	0.804064	0.025899	0.167447	0.804413	0.028140	0.166458	0.803689	0.029853	0.165443	0.803137	0.031420	0.163788	0.803114	0.033098	0.163028	0.802832	0.034140	0.162845	0.801849	0.035306	0.162134	0.801926	0.035940	0.161240	0.802171	0.036589	0.160674	0.801947	0.037379	0.161109	0.801888	0.037003	0.161236	0.801453	0.037311
0.183137	0.814102	0.002761	0.177710	0.817989	0.004301	0.172493	0.821480	0.006027	0.167162	0.825019	0.007819	0.163598	0.826508	0.009894	0.158485	0.829754	0.011761	0.155644	0.830592	0.013764	0.153021	0.831280	0.015699	0.150246	0.832063	0.017691	0.147896	0.832658	0.019446	0.145345	0.833347	0.021308	0.144549	0.832515	0.022936	0.142798	0.832530	0.024672	0.141546	0.832975	0.025479	0.140452	0.833080	0.026468	0.140058	0.832451	0.027491	0.139690	0.832338	0.027972	0.139700	0.831889	0.028411	0.138847	0.832256	0.028897	0.139329	0.832277	0.028394
0.166181	0.831642	0.002177	0.159534	0.837480	0.002986	0.154139	0.841802	0.004059	0.148834	0.845943	0.005223	0.144059	0.849151	0.006790	0.140874	0.850798	0.008328	0.136703	0.853579	0.009718	0.133433	0.855165	0.011402	0.130811	0.855908	0.013281	0.127491	0.857295	0.015214	0.126394	0.857073	0.016533	0.123660	0.858271	0.018069	0.122208	0.858243	0.019549	0.121132	0.858458	0.020410	0.119362	0.859104	0.021534	0.118427	0.859199	0.022374	0.117954	0.858941	0.023105	0.118290	0.858436	0.023274	0.118145	0.858262	0.023593	0.117705	0.858988	0.023307
0.149810	0.842968	0.007222	0.144203	0.848461	0.007336	0.138938	0.853541	0.007521	0.133851	0.858106	0.008043	0.128815	0.862305	0.008880	0.124001	0.866212	0.009787	0.120376	0.868598	0.011026	0.117431	0.870024	0.012545	0.114222	0.872014	0.013764	0.111227	0.873751	0.015022	0.109910	0.873659	0.016431	0.107065	0.875339	0.017596	0.105341	0.875936	0.018723	0.103539	0.876876	0.019585	0.103091	0.876283	0.020626	0.101645	0.877024	0.021331	0.101179	0.877149	0.021672	0.100653	0.877297	0.022050	0.100471	0.877303	0.022226	0.101315	0.876519	0.022166
0.135177	0.846278	0.018545	0.129348	0.853444	0.017208	0.123457	0.859839	0.016704	0.118206	0.865523	0.016271	0.113897	0.869849	0.016254	0.110150	0.873410	0.016440	0.105572	0.877330	0.017098	0.102519	0.879985	0.017496	0.099406	0.881982	0.018612	0.096485	0.884153	0.019362	0.093690	0.886465	0.019845	0.092657	0.886297	0.021046	0.090480	0.887492	0.022028	0.088800	0.888465	0.022735	0.087840	0.888872	0.023288	0.086766	0.889347	0.023887	0.086171	0.889379	0.024450	0.086077	0.889443	0.024480	0.085638	0.889405	0.024957	0.085083	0.890139	0.024778
0.122060	0.842769	0.035171	0.116710	0.850664	0.032626	0.111274	0.858032	0.030694	0.106673	0.863912	0.029415	0.102510	0.869287	0.028203	0.098243	0.874129	0.027628	0.094305	0.878361	0.027334	0.090672	0.882190	0.027138	0.088107	0.884161	0.027732	0.085526	0.886633	0.027841	0.082641	0.889036	0.028323	0.080806	0.890592	0.028602	0.079133	0.892068	0.028799	0.077490	0.893080	0.029430	0.076311	0.893472	0.030217	0.075745	0.893806	0.030449	0.074807	0.894373	0.030820	0.074136	0.895160	0.030704	0.074025	0.895040	0.030935	0.074315	0.894670	0.031015
0.110188	0.832471	0.057341	0.105707	0.841119	0.053174	0.100358	0.849553	0.050089	0.097039	0.855450	0.047511	0.092962	0.861466	0.045572	0.088131	0.867835	0.044034	0.085474	0.871715	0.042811	0.082420	0.875393	0.042187	0.079369	0.879222	0.041409	0.076381	0.882898	0.040721	0.074707	0.884359	0.040934	0.072381	0.886583	0.041036	0.070642	0.888293	0.041065	0.069716	0.889493	0.040791	0.068411	0.890872	0.040717	0.067604	0.891256	0.041140	0.066923	0.891819	0.041258	0.066191	0.892501	0.041308	0.066398	0.892272	0.041330	0.066733	0.891918	0.041349
0.102488	0.813717	0.083795	0.097572	0.823929	0.078499	0.092970	0.833212	0.073818	0.089498	0.840389	0.070113	0.085980	0.847432	0.066588	0.082806	0.852790	0.064404	0.079615	0.858799	0.061586	0.077134	0.862289	0.060577	0.074428	0.866846	0.058726	0.072184	0.869926	0.057890	0.070619	0.872654	0.056727	0.068999	0.874357	0.056644	0.066914	0.877119	0.055967	0.065424	0.879100	0.055476	0.063940	0.880720	0.055340	0.063899	0.880846	0.055255	0.063078	0.881525	0.055397	0.062835	0.881689	0.055476	0.062663	0.882597	0.054740	0.062731	0.881996	0.055273
0.095451	0.789067	0.115482	0.092510	0.798990	0.108500	0.089182	0.808444	0.102374	0.086066	0.816676	0.097258	0.082966	0.824898	0.092136	0.080434	0.830321	0.089245	0.077736	0.836931	0.085333	0.074965	0.842364	0.082671	0.073634	0.846101	0.080265	0.071434	0.849982	0.078584	0.069823	0.853366	0.076811	0.068265	0.855961	0.075774	0.067031	0.858274	0.074695	0.065769	0.860680	0.073551	0.065221	0.861690	0.073089	0.064083	0.862429	0.073488	0.063772	0.863450	0.072778	0.063264	0.864373	0.072363	0.063532	0.864422	0.072046	0.063584	0.864140	0.072276
0.092935	0.758651	0.148414	0.090165	0.769207	0.140628	0.087323	0.780125	0.132552	0.085758	0.787455	0.126787	0.083441	0.795838	0.120721	0.081415	0.803166	0.115419	0.079195	0.809810	0.110995	0.078529	0.813793	0.107678	0.076257	0.819638	0.104105	0.074867	0.823442	0.101691	0.073252	0.827355	0.099393	0.072290	0.830236	0.097474	0.071329	0.833011	0.095660	0.070048	0.835433	0.094519	0.069103	0.837379	0.093518	0.069131	0.838149	0.092720	0.068744	0.839286	0.091970	0.069292	0.839308	0.091400	0.068229	0.840236	0.091535	0.068214	0.839609	0.092177
0.092302	0.721603	0.186095	0.091819	0.732637	0.175544	0.089763	0.743576	0.166661	0.088726	0.752035	0.159239	0.087572	0.760489	0.151939	0.086000	0.768364	0.145636	0.084954	0.774953	0.140093	0.083965	0.780870	0.135165	0.082699	0.785443	0.131858	0.082379	0.789716	0.127905	0.081032	0.794257	0.124711	0.080877	0.796623	0.122500	0.079580	0.800289	0.120131	0.079506	0.802530	0.117964	0.078868	0.804579	0.116553	0.078265	0.806597	0.115138	0.078355	0.807284	0.114361	0.078030	0.807126	0.114844	0.077658	0.808249	0.114093	0.077546	0.808568	0.113886
