0.304524	0.452933	0.242543	0.306455	0.453654	0.239891	0.310553	0.453214	0.236233	0.313927	0.452558	0.233515	0.317255	0.452464	0.230281	0.319531	0.453118	0.227351	0.323355	0.451603	0.225042	0.326451	0.450498	0.223051	0.328737	0.450286	0.220977	0.332376	0.449454	0.218170	0.336432	0.448433	0.215135	0.338371	0.447113	0.214516	0.341201	0.445418	0.213381	0.342920	0.445551	0.211529	0.343605	0.445658	0.210737	0.346108	0.443983	0.209909	0.346446	0.443842	0.209712	0.347473	0.443329	0.209198	0.347402	0.444470	0.208128	0.347556	0.443522	0.208922
0.300556	0.490509	0.208935	0.302489	0.490375	0.207136	0.304859	0.489944	0.205197	0.306531	0.489916	0.203553	0.308685	0.489619	0.201696	0.310963	0.488671	0.200366	0.314115	0.487702	0.198183	0.317567	0.486323	0.196110	0.318362	0.486500	0.195138	0.320696	0.485347	0.193957	0.323936	0.483901	0.192163	0.326556	0.482650	0.190794	0.328567	0.481962	0.189471	0.330368	0.480128	0.189504	0.331542	0.479860	0.188598	0.332365	0.479120	0.188515	0.334297	0.478615	0.187088	0.333528	0.479223	0.187249	0.334533	0.478310	0.187157	0.334699	0.478208	0.187093
0.294914	0.528886	0.176200	0.295461	0.529698	0.174841	0.296033	0.529054	0.174913	0.297616	0.528735	0.173649	0.299058	0.528908	0.172034	0.300743	0.527170	0.172087	0.302165	0.526446	0.171389	0.304232	0.525145	0.170623	0.306831	0.524064	0.169105	0.308953	0.521843	0.169204	0.310171	0.521810	0.168019	0.311560	0.520613	0.167827	0.313583	0.519486	0.166931	0.315622	0.518592	0.165786	0.316628	0.517944	0.165428	0.317277	0.517083	0.165640	0.318150	0.516953	0.164897	0.318435	0.515969	0.165596	0.318991	0.515780	0.165229	0.318193	0.516744	0.165063
0.286438	0.570474	0.143088	0.285821	0.569892	0.144287	0.284756	0.571219	0.144025	0.285984	0.569910	0.144106	0.286764	0.569555	0.143681	0.288008	0.567772	0.144220	0.288778	0.567363	0.143859	0.289895	0.566368	0.143737	0.291625	0.564653	0.143722	0.292035	0.564338	0.143627	0.293924	0.562458	0.143618	0.295444	0.560364	0.144192	0.296544	0.559996	0.143460	0.297723	0.559187	0.143090	0.298857	0.557584	0.143559	0.298374	0.558385	0.143241	0.299387	0.557788	0.142825	0.299693	0.556684	0.143623	0.300730	0.555852	0.143418	0.299292	0.557408	0.143300
0.275883	0.611356	0.112761	0.274536	0.612074	0.113390	0.272833	0.612465	0.114702	0.272128	0.612694	0.115178	0.272690	0.610576	0.116734	0.271815	0.610994	0.117191	0.273439	0.608733	0.117828	0.273229	0.608519	0.118252	0.273787	0.607745	0.118468	0.275149	0.605408	0.119443	0.275167	0.604453	0.120380	0.275948	0.603432	0.120620	0.277017	0.602255	0.120728	0.277571	0.601304	0.121125	0.277440	0.601153	0.121407	0.279103	0.599631	0.121266	0.278472	0.599997	0.121531	0.279907	0.598719	0.121374	0.280315	0.597735	0.121950	0.278927	0.599411	0.121662
0.263948	0.651738	0.084314	0.261170	0.652870	0.085960	0.258778	0.653980	0.087242	0.256775	0.654159	0.089066	0.255057	0.654740	0.090203	0.254763	0.653179	0.092058	0.254884	0.652095	0.093021	0.255554	0.649990	0.094456	0.254910	0.650093	0.094997	0.255904	0.647386	0.096710	0.255399	0.647761	0.096840	0.255111	0.645977	0.098912	0.255764	0.645337	0.098899	0.256268	0.644034	0.099698	0.256371	0.643684	0.099945	0.256252	0.643163	0.100585	0.257657	0.641738	0.100605	0.256837	0.642400	0.100763	0.257461	0.641422	0.101117	0.256710	0.642202	0.101088
0.249013	0.691823	0.059164	0.246102	0.692666	0.061232	0.243302	0.694020	0.062678	0.240275	0.695231	0.064494	0.238525	0.694626	0.066849	0.236665	0.694968	0.068367	0.235786	0.693657	0.070557	0.234075	0.693853	0.072072	0.234326	0.692345	0.073329	0.233254	0.691635	0.075111	0.233836	0.690328	0.075836	0.233086	0.689466	0.077448	0.233309	0.688480	0.078211	0.233708	0.687184	0.079108	0.232994	0.686764	0.080242	0.233037	0.686293	0.080670	0.232769	0.686022	0.081209	0.233920	0.685015	0.081065	0.233051	0.685579	0.081370	0.232981	0.685624	0.081395
0.234047	0.728115	0.037838	0.228963	0.730966	0.040071	0.225426	0.732401	0.042173	0.222913	0.732557	0.044530	0.219938	0.733526	0.046536	0.217967	0.733031	0.049002	0.216082	0.732641	0.051277	0.214698	0.732640	0.052662	0.212603	0.732806	0.054591	0.212616	0.731470	0.055914	0.211675	0.730290	0.058035	0.210889	0.729906	0.059205	0.211183	0.728360	0.060457	0.210125	0.727778	0.062097	0.210133	0.727048	0.062819	0.209740	0.726905	0.063355	0.209838	0.726487	0.063675	0.209707	0.725926	0.064367	0.209921	0.725671	0.064408	0.209735	0.726200	0.064065
0.217254	0.762052	0.020694	0.211932	0.765009	0.023059	0.208535	0.765977	0.025488	0.204562	0.767580	0.027858	0.201636	0.768349	0.030015	0.197925	0.769687	0.032388	0.195523	0.770168	0.034309	0.192890	0.770334	0.036776	0.191489	0.770038	0.038473	0.190190	0.769477	0.040333	0.188479	0.769785	0.041736	0.188013	0.767803	0.044184	0.186235	0.768487	0.045278	0.186951	0.766468	0.046581	0.185865	0.766844	0.047291	0.185153	0.766493	0.048354	0.186362	0.764577	0.049061	0.185303	0.765409	0.049288	0.185520	0.765161	0.049319	0.185300	0.765244	0.049456
0.199360	0.791768	0.008872	0.194745	0.794590	0.010665	0.189444	0.797358	0.013198	0.184920	0.799942	0.015138	0.181616	0.801174	0.017210	0.177848	0.802867	0.019285	0.175099	0.803170	0.021731	0.172070	0.804127	0.023803	0.170171	0.804038	0.025791	0.168048	0.804180	0.027772	0.166191	0.804277	0.029532	0.165568	0.802891	0.031541	0.164057	0.802932	0.033011	0.163379	0.802435	0.034186	0.162188	0.802895	0.034917	0.162165	0.801918	0.035917	0.161151	0.801854	0.036995	0.161839	0.801156	0.037005	0.160146	0.802188	0.037666	0.161163	0.801966	0.036871
0.183337	0.813901	0.002762	0.176923	0.818838	0.004239	0.171782	0.822353	0.005865	0.166936	0.825188	0.007876	0.163122	0.827164	0.009714	0.158873	0.829415	0.011712	0.155167	0.831087	0.013746	0.154030	0.830307	0.015663	0.149690	0.832517	0.017793	0.147454	0.833275	0.019271	0.145344	0.833251	0.021405	0.144426	0.832605	0.022969	0.142946	0.832880	0.024174	0.142136	0.832205	0.025659	0.140647	0.832612	0.026741	0.139624	0.832998	0.027378	0.139160	0.832552	0.028288	0.139717	0.831829	0.028454	0.139680	0.831483	0.028837	0.139870	0.831993	0.028137
0.165885	0.831940	0.002175	0.160146	0.836890	0.002964	0.154531	0.841476	0.003993	0.149282	0.845424	0.005294	0.144334	0.848828	0.006838	0.140403	0.851271	0.008326	0.136466	0.853546	0.009988	0.133471	0.854799	0.011730	0.130073	0.856446	0.013481	0.127921	0.857100	0.014979	0.125942	0.857497	0.016561	0.123726	0.858087	0.018187	0.122037	0.858418	0.019545	0.120946	0.858386	0.020668	0.120594	0.857680	0.021726	0.120162	0.857850	0.021988	0.118570	0.858264	0.023166	0.118002	0.858929	0.023069	0.118299	0.858267	0.023434	0.117760	0.858625	0.023615
0.150175	0.842430	0.007395	0.144622	0.847974	0.007404	0.138450	0.854045	0.007505	0.133313	0.858591	0.008096	0.127943	0.863150	0.008907	0.124152	0.865891	0.009957	0.120559	0.868410	0.011031	0.117285	0.870328	0.012387	0.113423	0.872938	0.013639	0.111565	0.873370	0.015065	0.109086	0.874816	0.016098	0.107255	0.875345	0.017400	0.105546	0.875722	0.018732	0.103902	0.876583	0.019515	0.102869	0.876798	0.020333	0.101693	0.877011	0.021296	0.101472	0.876935	0.021593	0.100922	0.876938	0.022140	0.101006	0.876548	0.022446	0.100985	0.876856	0.022159
0.135224	0.846189	0.018587	0.130272	0.852452	0.017276	0.123886	0.859738	0.016376	0.118584	0.865406	0.016010	0.114106	0.869647	0.016247	0.110053	0.873390	0.016557	0.106036	0.876953	0.017011	0.102422	0.879889	0.017689	0.099794	0.881741	0.018465	0.096594	0.884307	0.019099	0.094517	0.885202	0.020281	0.092029	0.886815	0.021156	0.090320	0.887657	0.022023	0.089065	0.888153	0.022782	0.087925	0.888763	0.023312	0.086406	0.889770	0.023824	0.085944	0.889340	0.024716	0.085845	0.889483	0.024672	0.085815	0.889412	0.024773	0.085428	0.889941	0.024631
0.122757	0.842459	0.034784	0.116412	0.850895	0.032693	0.110753	0.858602	0.030645	0.106913	0.863806	0.029281	0.101775	0.869881	0.028344	0.098178	0.874204	0.027618	0.094109	0.878631	0.027260	0.091720	0.880964	0.027316	0.088308	0.884174	0.027518	0.085478	0.886748	0.027774	0.082844	0.888685	0.028471	0.080701	0.890480	0.028819	0.078641	0.892142	0.029217	0.077636	0.892703	0.029661	0.076069	0.893666	0.030265	0.075516	0.894099	0.030385	0.074422	0.894995	0.030583	0.074439	0.894465	0.031096	0.074030	0.895166	0.030804	0.074752	0.894469	0.030779
0.110689	0.831889	0.057422	0.105624	0.840944	0.053432	0.100844	0.849015	0.050141	0.096254	0.855845	0.047901	0.092324	0.862055	0.045621	0.088219	0.867730	0.044051	0.084839	0.872222	0.042939	0.082479	0.875791	0.041730	0.079149	0.879568	0.041283	0.076810	0.882196	0.040994	0.074430	0.884246	0.041324	0.072561	0.886872	0.040567	0.070798	0.888349	0.040853	0.069750	0.889264	0.040986	0.068632	0.890474	0.040894	0.066720	0.892388	0.040892	0.066667	0.892099	0.041234	0.065994	0.892446	0.041560	0.066212	0.892335	0.041453	0.066278	0.892529	0.041193
0.101402	0.814509	0.084089	0.097908	0.824066	0.078026	0.093582	0.832446	0.073972	0.089530	0.840247	0.070223	0.086032	0.847238	0.066730	0.083084	0.852586	0.064330	0.079519	0.858699	0.061782	0.077139	0.862194	0.060667	0.074381	0.866609	0.059010	0.072243	0.870341	0.057416	0.070287	0.872920	0.056793	0.068232	0.875780	0.055988	0.066754	0.877379	0.055867	0.065216	0.879524	0.055260	0.064180	0.880612	0.055208	0.063695	0.881458	0.054847	0.063071	0.881907	0.055022	0.063058	0.881653	0.055289	0.062534	0.882363	0.055103	0.062796	0.882293	0.054911
0.095835	0.788885	0.115280	0.091988	0.799559	0.108453	0.089221	0.808344	0.102435	0.085807	0.816863	0.097330	0.082487	0.825078	0.092435	0.080563	0.830505	0.088932	0.077712	0.836598	0.085690	0.075539	0.841606	0.082855	0.073359	0.845903	0.080738	0.071377	0.850151	0.078472	0.069708	0.854093	0.076199	0.068526	0.855846	0.075628	0.067329	0.858287	0.074384	0.065664	0.860247	0.074089	0.064794	0.862100	0.073106	0.063788	0.863308	0.072904	0.063572	0.863445	0.072983	0.063490	0.863998	0.072512	0.063576	0.863827	0.072597	0.063202	0.864423	0.072375
0.092634	0.758756	0.148610	0.090015	0.768931	0.141054	0.087621	0.779626	0.132753	0.085824	0.788009	0.126167	0.083567	0.795387	0.121046	0.081602	0.803417	0.114981	0.079585	0.808805	0.111610	0.077518	0.814882	0.107600	0.075921	0.820031	0.104048	0.074508	0.823733	0.101759	0.073870	0.827617	0.098513	0.072549	0.829907	0.097544	0.071316	0.832286	0.096398	0.070137	0.835314	0.094549	0.069621	0.836796	0.093583	0.068889	0.838044	0.093067	0.068935	0.839136	0.091929	0.068170	0.839803	0.092027	0.068327	0.839743	0.091930	0.068475	0.840207	0.091318
0.093401	0.721364	0.185235	0.091180	0.733444	0.175376	0.090521	0.742052	0.167427	0.088269	0.752150	0.159581	0.087221	0.760973	0.151806	0.086077	0.767631	0.146292	0.084742	0.774641	0.140617	0.084016	0.780710	0.135274	0.082609	0.786102	0.131289	0.082138	0.790424	0.127438	0.081013	0.794498	0.124489	0.080215	0.797892	0.121893	0.079644	0.800112	0.120244	0.079482	0.802996	0.117522	0.078607	0.804905	0.116488	0.078158	0.805875	0.115967	0.078428	0.807019	0.114553	0.077831	0.807707	0.114462	0.077911	0.808392	0.113697	0.077657	0.808359	0.113984
