0.304915	0.453630	0.241455	0.307293	0.453600	0.239107	0.309426	0.454721	0.235853	0.313015	0.453010	0.233975	0.316377	0.452105	0.231518	0.320402	0.452074	0.227524	0.322222	0.452355	0.225423	0.326487	0.449797	0.223716	0.329589	0.450342	0.220069	0.332436	0.449377	0.218187	0.335159	0.447782	0.217059	0.338492	0.446919	0.214589	0.340322	0.446341	0.213337	0.342274	0.445917	0.211809	0.343143	0.445948	0.210909	0.346652	0.443856	0.209492	0.345972	0.444291	0.209737	0.347683	0.443867	0.208450	0.347110	0.444253	0.208637	0.346693	0.444615	0.208692
0.300771	0.490831	0.208398	0.302019	0.490575	0.207406	0.304005	0.491030	0.204965	0.306799	0.489558	0.203643	0.308974	0.489388	0.201638	0.311150	0.489367	0.199483	0.315014	0.487083	0.197903	0.316652	0.487099	0.196249	0.319966	0.484488	0.195546	0.321779	0.484398	0.193823	0.324251	0.483735	0.192014	0.325980	0.483136	0.190884	0.328657	0.481365	0.189978	0.330534	0.480118	0.189348	0.331406	0.480104	0.188490	0.333080	0.479162	0.187758	0.332768	0.479150	0.188082	0.333565	0.478679	0.187756	0.333537	0.479315	0.187148	0.334727	0.478725	0.186548
0.294485	0.529179	0.176336	0.294360	0.530110	0.175530	0.295430	0.529952	0.174618	0.298046	0.528687	0.173267	0.299081	0.527926	0.172993	0.301144	0.526960	0.171896	0.301897	0.526598	0.171505	0.305289	0.524805	0.169906	0.306450	0.524221	0.169329	0.308425	0.522975	0.168600	0.310323	0.521368	0.168309	0.312418	0.520052	0.167530	0.312944	0.519144	0.167912	0.314722	0.518389	0.166889	0.316132	0.518126	0.165742	0.317295	0.517209	0.165496	0.317851	0.517097	0.165052	0.318726	0.515597	0.165677	0.318654	0.516208	0.165138	0.317525	0.517262	0.165213
0.285749	0.570476	0.143775	0.285692	0.570187	0.144121	0.284713	0.571068	0.144219	0.285880	0.570519	0.143601	0.285887	0.569893	0.144220	0.287578	0.569270	0.143152	0.289145	0.567050	0.143805	0.289576	0.566929	0.143495	0.291106	0.564425	0.144469	0.292529	0.563474	0.143997	0.294622	0.561927	0.143451	0.295603	0.560987	0.143410	0.296414	0.559937	0.143649	0.298082	0.559120	0.142798	0.297582	0.558842	0.143576	0.299280	0.556890	0.143830	0.299534	0.556762	0.143704	0.300044	0.556927	0.143029	0.300797	0.556250	0.142953	0.299480	0.557147	0.143373
0.275725	0.612082	0.112193	0.274023	0.612079	0.113898	0.273623	0.612209	0.114168	0.273256	0.611479	0.115265	0.272707	0.611306	0.115987	0.272428	0.610458	0.117114	0.272392	0.609672	0.117936	0.272957	0.608836	0.118207	0.273971	0.607112	0.118917	0.274196	0.606422	0.119382	0.275889	0.604362	0.119749	0.276571	0.603016	0.120413	0.277952	0.602044	0.120004	0.277472	0.601469	0.121059	0.279090	0.599953	0.120957	0.279178	0.599370	0.121452	0.279494	0.598773	0.121733	0.279986	0.598537	0.121477	0.279697	0.598984	0.121319	0.280636	0.597389	0.121975
0.263473	0.652163	0.084364	0.261747	0.651767	0.086486	0.258312	0.653962	0.087726	0.257092	0.654081	0.088827	0.255312	0.653938	0.090750	0.255121	0.652805	0.092074	0.254300	0.652527	0.093173	0.254267	0.650728	0.095005	0.254425	0.650104	0.095471	0.254890	0.648209	0.096901	0.255235	0.647184	0.097581	0.255148	0.646819	0.098033	0.255465	0.645523	0.099012	0.255843	0.644062	0.100095	0.256945	0.643094	0.099961	0.257277	0.642034	0.100689	0.256918	0.642110	0.100972	0.257115	0.641975	0.100910	0.257285	0.641815	0.100900	0.257440	0.641399	0.101161
0.249258	0.692058	0.058684	0.246011	0.693308	0.060681	0.243003	0.694323	0.062674	0.240597	0.694905	0.064498	0.237583	0.695862	0.066555	0.236957	0.694670	0.068373	0.235272	0.694644	0.070084	0.234701	0.693261	0.072038	0.233796	0.692819	0.073385	0.233688	0.691342	0.074970	0.232897	0.690310	0.076793	0.233060	0.689863	0.077077	0.233328	0.688442	0.078230	0.233454	0.687729	0.078817	0.233211	0.687408	0.079381	0.233478	0.685841	0.080681	0.233693	0.685301	0.081006	0.233293	0.685193	0.081514	0.233503	0.684508	0.081989	0.233510	0.685537	0.080953
0.233988	0.727978	0.038034	0.229363	0.730711	0.039926	0.226644	0.731008	0.042348	0.222675	0.732608	0.044717	0.220258	0.732875	0.046867	0.218065	0.732742	0.049193	0.215497	0.733666	0.050837	0.215112	0.732417	0.052471	0.214075	0.731770	0.054155	0.212657	0.730852	0.056491	0.211362	0.731255	0.057383	0.210692	0.729666	0.059642	0.210417	0.728833	0.060750	0.210691	0.727549	0.061760	0.210190	0.727576	0.062234	0.210291	0.726406	0.063303	0.209536	0.726556	0.063908	0.209547	0.726362	0.064091	0.209481	0.725778	0.064741	0.209304	0.726355	0.064341
0.217596	0.761499	0.020905	0.212291	0.764933	0.022776	0.208151	0.766449	0.025400	0.204904	0.767217	0.027879	0.200799	0.769250	0.029951	0.197968	0.769533	0.032499	0.195503	0.770246	0.034251	0.193678	0.769480	0.036842	0.192401	0.769086	0.038513	0.190302	0.769194	0.040504	0.188875	0.769048	0.042077	0.187809	0.768363	0.043828	0.186501	0.768053	0.045446	0.186722	0.766909	0.046369	0.185486	0.766783	0.047731	0.186238	0.765781	0.047981	0.185605	0.765579	0.048816	0.185379	0.765572	0.049049	0.185894	0.764632	0.049474	0.186102	0.764738	0.049160
0.199895	0.791215	0.008890	0.194486	0.794796	0.010718	0.189596	0.797669	0.012735	0.185110	0.799877	0.015013	0.181281	0.801712	0.017007	0.178373	0.802186	0.019441	0.175181	0.803184	0.021635	0.172129	0.804178	0.023693	0.169910	0.804115	0.025975	0.168073	0.803934	0.027993	0.166634	0.803130	0.030236	0.164908	0.803401	0.031691	0.164219	0.802945	0.032836	0.163431	0.802736	0.033833	0.161827	0.802940	0.035233	0.161864	0.802187	0.035949	0.161386	0.802005	0.036609	0.161619	0.801334	0.037047	0.161064	0.801880	0.037056	0.160844	0.801958	0.037198
0.183621	0.813606	0.002773	0.177722	0.817962	0.004316	0.171915	0.822177	0.005908	0.167066	0.825362	0.007572	0.162626	0.827688	0.009686	0.159310	0.828912	0.011778	0.155781	0.830568	0.013651	0.152098	0.832135	0.015767	0.150331	0.832086	0.017583	0.147838	0.832722	0.019440	0.146231	0.832570	0.021199	0.143961	0.832949	0.023090	0.142822	0.832915	0.024263	0.141333	0.832767	0.025900	0.140682	0.832354	0.026964	0.140160	0.832652	0.027188	0.139709	0.832058	0.028233	0.139003	0.832360	0.028637	0.139224	0.832391	0.028385	0.139339	0.832017	0.028644
0.165875	0.831984	0.002141	0.159521	0.837449	0.003030	0.153919	0.842134	0.003947	0.148497	0.846283	0.005220	0.144575	0.848755	0.006670	0.139963	0.851687	0.008350	0.136042	0.854100	0.009858	0.133679	0.854799	0.011522	0.130712	0.855951	0.013337	0.128126	0.856848	0.015026	0.125552	0.857762	0.016686	0.124170	0.857905	0.017925	0.122507	0.858065	0.019428	0.121157	0.857989	0.020854	0.119830	0.858419	0.021751	0.119078	0.858685	0.022237	0.119171	0.857688	0.023141	0.118188	0.858463	0.023349	0.118219	0.858463	0.023318	0.118209	0.858350	0.023441
0.150859	0.841749	0.007392	0.143905	0.848881	0.007214	0.138637	0.853833	0.007530	0.132591	0.859454	0.007955	0.128203	0.862958	0.008839	0.123513	0.866736	0.009751	0.120287	0.868519	0.011194	0.117044	0.870615	0.012341	0.114288	0.872041	0.013671	0.111567	0.873576	0.014857	0.109124	0.874694	0.016182	0.107147	0.875408	0.017445	0.105448	0.875970	0.018582	0.103900	0.876226	0.019874	0.102452	0.877032	0.020516	0.102517	0.876164	0.021319	0.101208	0.877105	0.021687	0.100784	0.876898	0.022318	0.100266	0.877680	0.022054	0.101178	0.876781	0.022041
0.135306	0.846306	0.018388	0.129158	0.853819	0.017023	0.124059	0.859536	0.016405	0.118549	0.865412	0.016039	0.113747	0.870175	0.016078	0.109198	0.874121	0.016681	0.106275	0.876938	0.016787	0.102550	0.879841	0.017609	0.099674	0.882039	0.018287	0.097276	0.883462	0.019262	0.094376	0.885322	0.020302	0.092227	0.886699	0.021074	0.090523	0.887773	0.021704	0.089416	0.887726	0.022858	0.087447	0.889064	0.023489	0.086729	0.889427	0.023844	0.085351	0.890489	0.024160	0.085473	0.889759	0.024768	0.085288	0.890235	0.024477	0.085284	0.890136	0.024580
0.121687	0.843527	0.034786	0.116339	0.850957	0.032704	0.110834	0.858641	0.030525	0.106466	0.864432	0.029102	0.102068	0.869895	0.028037	0.097533	0.874941	0.027526	0.094478	0.878224	0.027298	0.090699	0.882059	0.027242	0.088127	0.884453	0.027420	0.084847	0.887350	0.027803	0.082657	0.889005	0.028338	0.081170	0.890077	0.028753	0.079073	0.891695	0.029232	0.077432	0.893167	0.029401	0.076293	0.893558	0.030149	0.075168	0.894529	0.030303	0.074617	0.894797	0.030586	0.074509	0.894423	0.031068	0.074194	0.894807	0.030999	0.074042	0.894927	0.031031
0.110589	0.831490	0.057921	0.105728	0.841099	0.053173	0.100631	0.849133	0.050236	0.096700	0.855959	0.047341	0.092582	0.862000	0.045418	0.089012	0.867191	0.043797	0.084854	0.872031	0.043115	0.082160	0.875614	0.042226	0.079266	0.879506	0.041228	0.076737	0.882397	0.040866	0.074597	0.884801	0.040602	0.072543	0.886838	0.040619	0.070716	0.888461	0.040823	0.069429	0.890149	0.040422	0.067897	0.890916	0.041187	0.067740	0.891058	0.041202	0.066912	0.891867	0.041221	0.066685	0.892083	0.041232	0.066911	0.891593	0.041496	0.066334	0.892100	0.041566
0.102121	0.814255	0.083624	0.097592	0.823953	0.078455	0.093888	0.832157	0.073955	0.089602	0.840392	0.070006	0.085773	0.847586	0.066641	0.082734	0.853388	0.063878	0.079531	0.857992	0.062477	0.076843	0.862799	0.060358	0.075004	0.866110	0.058886	0.071826	0.870302	0.057872	0.070077	0.873219	0.056704	0.068466	0.875581	0.055953	0.066751	0.877089	0.056160	0.065364	0.879447	0.055189	0.064302	0.880334	0.055364	0.063923	0.880978	0.055099	0.063118	0.882077	0.054805	0.062437	0.882343	0.055220	0.062994	0.881856	0.055150	0.062525	0.882700	0.054775
0.095576	0.789532	0.114892	0.091729	0.799794	0.108477	0.089019	0.808644	0.102337	0.085937	0.816928	0.097135	0.082844	0.824820	0.092336	0.080112	0.831423	0.088465	0.077463	0.837014	0.085523	0.075357	0.842314	0.082329	0.073688	0.845856	0.080456	0.072123	0.849591	0.078286	0.069675	0.853524	0.076801	0.068152	0.855724	0.076124	0.067142	0.857892	0.074966	0.065803	0.860372	0.073825	0.064594	0.862487	0.072919	0.064109	0.862785	0.073106	0.063854	0.863923	0.072223	0.063185	0.864688	0.072127	0.063055	0.864489	0.072456	0.063743	0.863737	0.072520
0.092687	0.758528	0.148785	0.090451	0.769165	0.140384	0.087703	0.779646	0.132651	0.085467	0.788437	0.126096	0.083731	0.795310	0.120959	0.081392	0.802746	0.115862	0.079161	0.809715	0.111124	0.077526	0.814900	0.107574	0.076415	0.819458	0.104127	0.074924	0.823902	0.101174	0.073074	0.827938	0.098988	0.072759	0.829019	0.098222	0.071341	0.833244	0.095415	0.070558	0.834723	0.094719	0.069851	0.836843	0.093306	0.068444	0.838987	0.092569	0.068247	0.839102	0.092651	0.068875	0.839118	0.092007	0.068614	0.839974	0.091412	0.068486	0.839593	0.091921
0.092893	0.721332	0.185775	0.091533	0.732724	0.175743	0.090032	0.743383	0.166585	0.088504	0.752517	0.158979	0.087133	0.760850	0.152017	0.086245	0.767793	0.145962	0.085859	0.773887	0.140254	0.084169	0.780916	0.134915	0.082655	0.786659	0.130686	0.082053	0.789833	0.128114	0.081212	0.794308	0.124480	0.080306	0.797393	0.122301	0.079472	0.800692	0.119836	0.079252	0.802911	0.117837	0.078691	0.804755	0.116554	0.078235	0.806322	0.115443	0.077857	0.807052	0.115091	0.077536	0.807649	0.114815	0.077707	0.807564	0.114729	0.078087	0.807760	0.114153
