0.200130	0.318540	0.481330	0.316080	0.374440	0.309480	0.457410	0.378770	0.163820	0.594030	0.329140	0.076830	0.708670	0.237710	0.053620	0.775880	0.134260	0.089860	0.788830	0.055260	0.155910	0.742130	0.025750	0.232120	0.650490	0.056480	0.293030	0.542060	0.141750	0.316190	0.441770	0.256380	0.301850	0.392750	0.347440	0.259810	0.396350	0.399290	0.204360	0.470920	0.372370	0.156710	0.575020	0.293030	0.131950	0.695360	0.170720	0.133920	0.790820	0.063830	0.145350	0.830970	0.010350	0.158680	0.810820	0.035310	0.153870	0.722870	0.150790	0.126340
0.284480	0.361090	0.354430	0.416970	0.380520	0.202510	0.556390	0.346410	0.097200	0.685760	0.262100	0.052140	0.770030	0.163150	0.066820	0.800860	0.074410	0.124730	0.770260	0.027710	0.202030	0.695450	0.039910	0.264640	0.588930	0.109160	0.301910	0.481880	0.215940	0.302180	0.405550	0.325040	0.269410	0.390550	0.391330	0.218120	0.434690	0.395020	0.170290	0.528700	0.332840	0.138460	0.645770	0.221470	0.132760	0.753600	0.101340	0.145060	0.815960	0.022140	0.161900	0.816010	0.016300	0.167690	0.754890	0.098520	0.146590	0.630690	0.263150	0.106160
0.382980	0.376330	0.240690	0.522560	0.357680	0.119760	0.655080	0.287850	0.057070	0.754380	0.192010	0.053610	0.804260	0.096100	0.099640	0.795590	0.036570	0.167840	0.730450	0.030730	0.238820	0.634370	0.082100	0.283530	0.524260	0.180660	0.295080	0.427400	0.295470	0.277130	0.391740	0.376550	0.231710	0.410060	0.407050	0.182890	0.485510	0.366620	0.147870	0.596490	0.268980	0.134530	0.707860	0.146670	0.145470	0.789440	0.045830	0.164730	0.813400	0.010390	0.176210	0.777760	0.059240	0.163000	0.673590	0.196960	0.129450	0.533800	0.388480	0.077720
0.492400	0.360670	0.146930	0.626930	0.304330	0.068740	0.736360	0.216840	0.046800	0.803230	0.120010	0.076760	0.811240	0.047980	0.140780	0.763930	0.025790	0.210280	0.672030	0.063950	0.264020	0.562210	0.150210	0.287580	0.459790	0.260290	0.279920	0.400200	0.360490	0.239310	0.396240	0.411570	0.192190	0.449050	0.396070	0.154880	0.553370	0.309040	0.137590	0.662200	0.189680	0.148120	0.759320	0.076880	0.163800	0.804100	0.014290	0.181610	0.785930	0.036390	0.177680	0.704290	0.142100	0.153610	0.576680	0.321160	0.102160	0.421340	0.531360	0.047300
0.600940	0.319140	0.079920	0.717610	0.238470	0.043920	0.795910	0.143440	0.060650	0.824470	0.062210	0.113320	0.788180	0.026380	0.185440	0.708950	0.047450	0.243600	0.598130	0.125440	0.276430	0.492180	0.231380	0.276440	0.415950	0.337750	0.246300	0.389570	0.407110	0.203320	0.424820	0.412810	0.162370	0.505940	0.351340	0.142720	0.621430	0.234870	0.143700	0.723380	0.111880	0.164740	0.785540	0.028710	0.185750	0.792640	0.019390	0.187970	0.727380	0.102650	0.169970	0.611060	0.263460	0.125480	0.467860	0.461640	0.070500	0.313820	0.661510	0.024670
0.698090	0.255650	0.046260	0.787370	0.163200	0.049430	0.830120	0.077170	0.092710	0.813350	0.029180	0.157470	0.741630	0.037040	0.221330	0.639430	0.100220	0.260350	0.521580	0.205600	0.272820	0.434760	0.314150	0.251090	0.390380	0.400970	0.208650	0.405090	0.423680	0.171230	0.475730	0.378810	0.145460	0.577100	0.279510	0.143390	0.685330	0.152020	0.162650	0.766370	0.049730	0.183900	0.786720	0.012800	0.200480	0.745960	0.068110	0.185930	0.644170	0.209620	0.146210	0.506760	0.400240	0.093000	0.357610	0.602230	0.040160	0.217150	0.764800	0.018050
0.780010	0.177450	0.042540	0.830770	0.090860	0.078370	0.827300	0.034530	0.138170	0.767520	0.029730	0.202750	0.672620	0.082710	0.244670	0.552950	0.181850	0.265200	0.455360	0.293600	0.251040	0.396400	0.386520	0.217080	0.394830	0.428820	0.176350	0.443870	0.405400	0.150730	0.542570	0.312710	0.144720	0.645700	0.191840	0.162460	0.734560	0.078490	0.186950	0.778110	0.016040	0.205850	0.755570	0.040650	0.203780	0.670000	0.163850	0.166150	0.538180	0.348610	0.113210	0.391890	0.550010	0.058100	0.252740	0.725090	0.022170	0.138520	0.825320	0.036160
0.830010	0.105950	0.064040	0.840730	0.042860	0.116410	0.795580	0.024140	0.180280	0.704190	0.065540	0.230270	0.593560	0.154390	0.252050	0.484010	0.268090	0.247900	0.410750	0.369250	0.220000	0.388270	0.427150	0.184580	0.423000	0.424830	0.152170	0.503300	0.352480	0.144220	0.610490	0.231590	0.157920	0.704890	0.110890	0.184220	0.760880	0.027580	0.211540	0.760420	0.024620	0.214960	0.695990	0.114490	0.189520	0.574950	0.285860	0.139190	0.428290	0.495010	0.076700	0.287780	0.680080	0.032140	0.165530	0.807730	0.026740	0.082440	0.833130	0.084430
0.848540	0.049480	0.101980	0.816660	0.023790	0.159550	0.734470	0.053010	0.212520	0.624330	0.130960	0.244710	0.510840	0.242300	0.246860	0.424850	0.353970	0.221180	0.386800	0.424910	0.188290	0.402960	0.439940	0.157100	0.472720	0.380850	0.146430	0.572890	0.270680	0.156430	0.675640	0.141110	0.183250	0.743690	0.046360	0.209950	0.758140	0.016810	0.225050	0.712430	0.079400	0.208170	0.607140	0.228780	0.164080	0.464940	0.435440	0.099620	0.317510	0.637760	0.044730	0.190880	0.784370	0.024750	0.098560	0.840300	0.061140	0.045330	0.787580	0.167090
0.830280	0.024480	0.145240	0.759770	0.041810	0.198420	0.651520	0.116600	0.231880	0.537250	0.221600	0.241150	0.443070	0.333780	0.223150	0.385320	0.424190	0.190490	0.393780	0.446360	0.159860	0.449220	0.406070	0.144710	0.537750	0.307080	0.155170	0.642090	0.179280	0.178630	0.723740	0.064570	0.211690	0.752760	0.017260	0.229980	0.720430	0.055610	0.223960	0.629710	0.186000	0.184290	0.499030	0.377350	0.123620	0.350720	0.588380	0.060900	0.215350	0.756530	0.028120	0.114290	0.839170	0.046540	0.051600	0.816020	0.132380	0.028920	0.683810	0.287270
0.780750	0.036160	0.183090	0.680340	0.097240	0.222420	0.568580	0.201210	0.230210	0.464900	0.313590	0.221510	0.399590	0.406280	0.194130	0.383130	0.453140	0.163730	0.426680	0.426480	0.146840	0.507180	0.342220	0.150600	0.603070	0.219970	0.176960	0.693630	0.096810	0.209560	0.740570	0.023290	0.236140	0.729090	0.034690	0.236220	0.652490	0.140420	0.207090	0.531730	0.320310	0.147960	0.388380	0.528420	0.083200	0.246140	0.718210	0.035650	0.133600	0.828710	0.037690	0.061330	0.837830	0.100840	0.028980	0.740090	0.230930	0.024450	0.557130	0.418420
0.699590	0.087930	0.212480	0.590170	0.181960	0.227870	0.482550	0.296790	0.220660	0.409390	0.398540	0.192070	0.381800	0.453040	0.165160	0.408950	0.442070	0.148980	0.479690	0.368640	0.151670	0.575090	0.253800	0.171110	0.667020	0.126300	0.206680	0.724440	0.035260	0.240300	0.725550	0.025580	0.248870	0.667560	0.104990	0.227450	0.558340	0.268340	0.173320	0.418050	0.477460	0.104490	0.279160	0.672960	0.047880	0.152840	0.812980	0.034180	0.073380	0.842100	0.084520	0.030820	0.771250	0.197930	0.021020	0.609500	0.369480	0.028720	0.399520	0.571760
0.615030	0.163080	0.221890	0.504610	0.275330	0.220060	0.423510	0.382520	0.193970	0.382890	0.451790	0.165320	0.395770	0.457980	0.146250	0.453390	0.399370	0.147240	0.544710	0.285970	0.169320	0.632820	0.162460	0.204720	0.705070	0.056720	0.238210	0.721860	0.019340	0.258800	0.682730	0.072730	0.244540	0.590020	0.212290	0.197690	0.453800	0.416860	0.129340	0.310100	0.625210	0.064690	0.184310	0.781690	0.034000	0.088110	0.847620	0.064270	0.035930	0.800680	0.163390	0.018080	0.665210	0.316710	0.022210	0.464480	0.513310	0.035110	0.257630	0.707260
0.528330	0.260060	0.211610	0.436770	0.365820	0.197410	0.386380	0.447120	0.166500	0.385140	0.467700	0.147160	0.433570	0.419240	0.147190	0.519390	0.317730	0.162880	0.612610	0.189890	0.197500	0.683420	0.079830	0.236750	0.717020	0.022000	0.260980	0.690640	0.050870	0.258490	0.604430	0.176440	0.219130	0.484610	0.361400	0.153990	0.341670	0.573750	0.084580	0.209160	0.750210	0.040630	0.107970	0.841320	0.050710	0.043150	0.826450	0.130400	0.017750	0.704200	0.278050	0.017230	0.520730	0.462040	0.027560	0.310820	0.661620	0.036740	0.138250	0.825010
0.449310	0.355810	0.194880	0.393860	0.434170	0.171970	0.381120	0.470260	0.148620	0.416240	0.441770	0.141990	0.491020	0.347700	0.161280	0.582300	0.223570	0.194130	0.660760	0.102640	0.236600	0.702660	0.030370	0.266970	0.693140	0.035170	0.271690	0.628780	0.132300	0.238920	0.509440	0.312760	0.177800	0.375810	0.515030	0.109160	0.237460	0.711120	0.051420	0.128120	0.828790	0.043090	0.054150	0.846580	0.099270	0.018620	0.747120	0.234260	0.013220	0.569660	0.417120	0.021160	0.367200	0.611640	0.031320	0.181480	0.787200	0.033960	0.063810	0.902230
0.394720	0.436040	0.169240	0.375980	0.474010	0.150010	0.403320	0.453900	0.142780	0.470830	0.376440	0.152730	0.559760	0.250930	0.189310	0.639260	0.126070	0.234670	0.685940	0.041850	0.272210	0.692570	0.026020	0.281410	0.638230	0.101600	0.260170	0.535640	0.260700	0.203660	0.401790	0.470650	0.127560	0.266280	0.666650	0.067070	0.150470	0.808150	0.041380	0.064000	0.853670	0.082330	0.023660	0.783830	0.192510	0.010840	0.619710	0.369450	0.016820	0.412780	0.570400	0.025120	0.221700	0.753180	0.031030	0.083850	0.885120	0.027330	0.039840	0.932830
0.374130	0.476190	0.149680	0.386960	0.471520	0.141520	0.447050	0.400790	0.152160	0.531320	0.282840	0.185840	0.615710	0.160300	0.223990	0.675070	0.056860	0.268070	0.687760	0.022790	0.289450	0.652220	0.075360	0.272420	0.559200	0.211070	0.229730	0.433940	0.411210	0.154850	0.294070	0.621750	0.084180	0.174700	0.779950	0.045350	0.081680	0.851700	0.066620	0.029240	0.812060	0.158700	0.009990	0.673710	0.316300	0.012190	0.469590	0.518220	0.022180	0.263400	0.714420	0.026810	0.111930	0.861260	0.025040	0.041450	0.933510	0.020790	0.071660	0.907550
0.381700	0.479080	0.139220	0.429200	0.421920	0.148880	0.511430	0.309630	0.178940	0.594020	0.183220	0.222760	0.656710	0.076710	0.266580	0.682450	0.024950	0.292600	0.650160	0.059530	0.290310	0.576090	0.174790	0.249120	0.459780	0.358730	0.181490	0.324940	0.570060	0.105000	0.195630	0.750160	0.054210	0.099120	0.845860	0.055020	0.036340	0.833990	0.129670	0.010150	0.717530	0.272320	0.008750	0.527100	0.464150	0.017390	0.312470	0.670140	0.023700	0.139890	0.836410	0.022580	0.048290	0.929130	0.017770	0.051190	0.931040	0.018750	0.146420	0.834830
0.417060	0.437550	0.145390	0.486430	0.340680	0.172890	0.571140	0.211660	0.217200	0.637650	0.096490	0.265860	0.672030	0.030550	0.297420	0.658660	0.042710	0.298630	0.589120	0.144140	0.266740	0.482320	0.310510	0.207170	0.354670	0.515160	0.130170	0.226550	0.706070	0.067380	0.115180	0.833390	0.051430	0.048150	0.848490	0.103360	0.012970	0.760370	0.226660	0.005490	0.585620	0.408890	0.011960	0.374940	0.613100	0.021120	0.178830	0.800050	0.021280	0.063640	0.915080	0.017180	0.041000	0.941820	0.015910	0.107020	0.877070	0.029160	0.250480	0.720360
0.468530	0.361800	0.169670	0.549980	0.237650	0.212370	0.619270	0.118290	0.262440	0.660090	0.040540	0.299370	0.655740	0.032270	0.311990	0.600240	0.114540	0.285220	0.505010	0.270960	0.224030	0.380280	0.468490	0.151230	0.249170	0.666570	0.084260	0.138730	0.808570	0.052700	0.058090	0.857350	0.084560	0.017620	0.794660	0.187720	0.004150	0.635220	0.360630	0.009560	0.427770	0.562670	0.017320	0.230840	0.751840	0.019630	0.082840	0.897530	0.015950	0.035780	0.948270	0.013460	0.083240	0.903300	0.021940	0.205050	0.773010	0.054760	0.362210	0.583030
