0.198190	0.317730	0.484080	0.315050	0.374380	0.310570	0.456370	0.378460	0.165170	0.594950	0.327240	0.077810	0.705970	0.239720	0.054310	0.777430	0.134710	0.087860	0.789300	0.054090	0.156610	0.741820	0.025690	0.232490	0.651300	0.057050	0.291650	0.541270	0.142090	0.316640	0.444870	0.253270	0.301860	0.391640	0.349090	0.259270	0.400980	0.395570	0.203450	0.467890	0.377300	0.154810	0.574990	0.292330	0.132680	0.695850	0.171610	0.132540	0.792160	0.064010	0.143830	0.830320	0.010760	0.158920	0.810870	0.033950	0.155180	0.721940	0.150360	0.127700
0.284180	0.360180	0.355640	0.415670	0.381720	0.202610	0.557690	0.342860	0.099450	0.683070	0.263900	0.053030	0.769250	0.163730	0.067020	0.798870	0.075090	0.126040	0.770860	0.028610	0.200530	0.693120	0.040260	0.266620	0.588390	0.109820	0.301790	0.479830	0.216660	0.303510	0.409740	0.322870	0.267390	0.391380	0.390140	0.218480	0.435750	0.393930	0.170320	0.527760	0.332320	0.139920	0.643990	0.222640	0.133370	0.753840	0.101330	0.144830	0.815760	0.022440	0.161800	0.818070	0.017190	0.164740	0.754790	0.096960	0.148250	0.632080	0.262640	0.105280
0.381940	0.376630	0.241430	0.524710	0.354870	0.120420	0.654360	0.289180	0.056460	0.753660	0.192400	0.053940	0.804280	0.098000	0.097720	0.794690	0.036060	0.169250	0.730170	0.030970	0.238860	0.634420	0.082730	0.282850	0.520090	0.181560	0.298350	0.432380	0.291740	0.275880	0.390410	0.380860	0.228730	0.409700	0.409150	0.181150	0.485130	0.366880	0.147990	0.598180	0.265230	0.136590	0.708340	0.145370	0.146290	0.789700	0.045590	0.164710	0.814180	0.010370	0.175450	0.774560	0.059450	0.165990	0.675920	0.195280	0.128800	0.532570	0.390220	0.077210
0.492870	0.361770	0.145360	0.624740	0.308090	0.067170	0.735980	0.218410	0.045610	0.805140	0.118680	0.076180	0.813160	0.047540	0.139300	0.764400	0.026050	0.209550	0.668670	0.063360	0.267970	0.562220	0.149160	0.288620	0.458010	0.262740	0.279250	0.399930	0.360550	0.239520	0.396990	0.412740	0.190270	0.450390	0.395740	0.153870	0.551970	0.309510	0.138520	0.664230	0.188830	0.146940	0.756800	0.078350	0.164850	0.803950	0.014030	0.182020	0.784500	0.035590	0.179910	0.707640	0.139830	0.152530	0.576720	0.321030	0.102250	0.420630	0.531030	0.048340
0.600910	0.319500	0.079590	0.717000	0.238860	0.044140	0.797490	0.141590	0.060920	0.822160	0.062790	0.115050	0.792950	0.024690	0.182360	0.708660	0.047130	0.244210	0.599070	0.125580	0.275350	0.492360	0.231860	0.275780	0.415110	0.336980	0.247910	0.387870	0.407920	0.204210	0.425590	0.412400	0.162010	0.506700	0.349450	0.143850	0.619710	0.235270	0.145020	0.723990	0.111030	0.164980	0.786640	0.027790	0.185570	0.790760	0.018430	0.190810	0.725800	0.103690	0.170510	0.615780	0.259340	0.124880	0.468250	0.461960	0.069790	0.312600	0.662200	0.025200
0.698900	0.255410	0.045690	0.789020	0.162200	0.048780	0.829550	0.076660	0.093790	0.810540	0.029640	0.159820	0.743310	0.034990	0.221700	0.637520	0.101620	0.260860	0.522660	0.205840	0.271500	0.433970	0.315850	0.250180	0.388210	0.397560	0.214230	0.404410	0.425660	0.169930	0.474560	0.379910	0.145530	0.577150	0.280010	0.142840	0.685540	0.150850	0.163610	0.762190	0.049430	0.188380	0.787860	0.013140	0.199000	0.743900	0.068050	0.188050	0.645390	0.208780	0.145830	0.506950	0.398990	0.094060	0.360110	0.599050	0.040840	0.217750	0.764240	0.018010
0.781060	0.177010	0.041930	0.831550	0.091730	0.076720	0.827770	0.033600	0.138630	0.768200	0.029870	0.201930	0.674370	0.081200	0.244430	0.557430	0.179210	0.263360	0.455840	0.293540	0.250620	0.400610	0.384170	0.215220	0.395650	0.430700	0.173650	0.444450	0.407320	0.148230	0.541690	0.312810	0.145500	0.649390	0.190940	0.159670	0.735410	0.075520	0.189070	0.776510	0.016130	0.207360	0.757950	0.040580	0.201470	0.670940	0.158800	0.170260	0.541130	0.345130	0.113740	0.395070	0.547490	0.057440	0.254050	0.723950	0.022000	0.139170	0.824820	0.036010
0.828140	0.108150	0.063710	0.839030	0.043640	0.117330	0.795970	0.025200	0.178830	0.704740	0.064470	0.230790	0.593020	0.152450	0.254530	0.485470	0.266330	0.248200	0.410100	0.370730	0.219170	0.385590	0.430710	0.183700	0.419140	0.424890	0.155970	0.503420	0.350070	0.146510	0.610870	0.231200	0.157930	0.703190	0.111550	0.185260	0.762340	0.027850	0.209810	0.761010	0.024410	0.214580	0.696150	0.113680	0.190170	0.575620	0.285610	0.138770	0.427350	0.493980	0.078670	0.289290	0.679220	0.031490	0.166180	0.807630	0.026190	0.081550	0.835460	0.082990
0.848340	0.049160	0.102500	0.812190	0.023750	0.164060	0.734870	0.052640	0.212490	0.625620	0.130700	0.243680	0.508360	0.244200	0.247440	0.423910	0.352450	0.223640	0.387560	0.424060	0.188380	0.403010	0.438510	0.158480	0.473980	0.380570	0.145450	0.572980	0.271430	0.155590	0.673740	0.141570	0.184690	0.740270	0.046960	0.212770	0.759850	0.016680	0.223470	0.711110	0.081980	0.206910	0.602900	0.231110	0.165990	0.464420	0.436690	0.098890	0.316830	0.639890	0.043280	0.191360	0.783550	0.025090	0.098070	0.841060	0.060870	0.047180	0.787010	0.165810
0.829410	0.024500	0.146090	0.757610	0.043680	0.198710	0.649400	0.116330	0.234270	0.541310	0.221570	0.237120	0.443600	0.334620	0.221780	0.391710	0.420590	0.187700	0.391860	0.446890	0.161250	0.446630	0.406720	0.146650	0.539220	0.310330	0.150450	0.640370	0.181010	0.178620	0.721420	0.066230	0.212350	0.751240	0.016620	0.232140	0.721090	0.055670	0.223240	0.628560	0.187560	0.183880	0.495620	0.378350	0.126030	0.348380	0.590470	0.061150	0.214620	0.757100	0.028280	0.114860	0.838120	0.047020	0.051120	0.816290	0.132590	0.028490	0.686990	0.284520
0.777780	0.036130	0.186090	0.683090	0.096970	0.219940	0.568820	0.198170	0.233010	0.463400	0.315490	0.221110	0.401480	0.404980	0.193540	0.383810	0.454150	0.162040	0.425190	0.427870	0.146940	0.506180	0.342400	0.151420	0.606040	0.218970	0.174990	0.693130	0.096370	0.210500	0.738080	0.023750	0.238170	0.728840	0.035070	0.236090	0.654960	0.139470	0.205570	0.530890	0.322370	0.146740	0.388350	0.527520	0.084130	0.245430	0.718610	0.035960	0.133010	0.829120	0.037870	0.062970	0.832460	0.104570	0.029820	0.735060	0.235120	0.025280	0.555820	0.418900
0.700080	0.087680	0.212240	0.589650	0.183700	0.226650	0.483240	0.296890	0.219870	0.411210	0.394800	0.193990	0.382100	0.454640	0.163260	0.410360	0.442760	0.146880	0.480410	0.369790	0.149800	0.573720	0.252110	0.174170	0.664420	0.126900	0.208680	0.722510	0.036430	0.241060	0.724000	0.025470	0.250530	0.668730	0.104580	0.226690	0.559270	0.268580	0.172150	0.415610	0.481610	0.102780	0.276870	0.675720	0.047410	0.154220	0.811510	0.034270	0.071700	0.845550	0.082750	0.030910	0.771660	0.197430	0.021000	0.607930	0.371070	0.028280	0.398280	0.573440
0.615300	0.163060	0.221640	0.505970	0.275600	0.218430	0.420940	0.383960	0.195100	0.382000	0.450660	0.167340	0.396550	0.455880	0.147570	0.452720	0.398540	0.148740	0.549300	0.284840	0.165860	0.639020	0.160690	0.200290	0.700610	0.057470	0.241920	0.721840	0.019480	0.258680	0.676960	0.075730	0.247310	0.585970	0.216120	0.197910	0.452180	0.418280	0.129540	0.310600	0.624760	0.064640	0.182570	0.782520	0.034910	0.088480	0.848030	0.063490	0.034960	0.801550	0.163490	0.018670	0.665410	0.315920	0.022720	0.467430	0.509850	0.034790	0.258540	0.706670
0.526140	0.261360	0.212500	0.438640	0.366670	0.194690	0.386110	0.447480	0.166410	0.385790	0.468290	0.145920	0.435130	0.420280	0.144590	0.520090	0.315740	0.164170	0.610310	0.189300	0.200390	0.686700	0.078600	0.234700	0.717380	0.021540	0.261080	0.692900	0.051360	0.255740	0.605690	0.175670	0.218640	0.485310	0.360360	0.154330	0.340430	0.575850	0.083720	0.207480	0.751710	0.040810	0.108860	0.841790	0.049350	0.042010	0.826520	0.131470	0.018160	0.703540	0.278300	0.016960	0.523320	0.459720	0.026850	0.312500	0.660650	0.036750	0.137090	0.826160
0.450510	0.355180	0.194310	0.389470	0.441020	0.169510	0.379670	0.471660	0.148670	0.415630	0.441890	0.142480	0.490680	0.349570	0.159750	0.582330	0.224440	0.193230	0.661400	0.102700	0.235900	0.701930	0.030410	0.267660	0.694520	0.033920	0.271560	0.626110	0.131920	0.241970	0.509150	0.312970	0.177880	0.377940	0.514350	0.107710	0.240060	0.707610	0.052330	0.129080	0.827430	0.043490	0.055760	0.842560	0.101680	0.019060	0.747340	0.233600	0.013650	0.569470	0.416880	0.022260	0.366810	0.610930	0.031610	0.181250	0.787140	0.033990	0.063330	0.902680
0.396390	0.435660	0.167950	0.376700	0.471400	0.151900	0.400810	0.455540	0.143650	0.470450	0.375650	0.153900	0.557320	0.252950	0.189730	0.638880	0.128120	0.233000	0.690930	0.041650	0.267420	0.692980	0.025870	0.281150	0.639040	0.101280	0.259680	0.537140	0.259810	0.203050	0.398720	0.471630	0.129650	0.267420	0.664740	0.067840	0.151020	0.806760	0.042220	0.066470	0.850140	0.083390	0.022210	0.785150	0.192640	0.010480	0.618260	0.371260	0.017260	0.413040	0.569700	0.026260	0.223310	0.750430	0.030560	0.083660	0.885780	0.027250	0.039480	0.933270
0.375890	0.476660	0.147450	0.389850	0.468470	0.141680	0.448250	0.401670	0.150080	0.528710	0.286000	0.185290	0.614280	0.157470	0.228250	0.674810	0.057450	0.267740	0.687760	0.023400	0.288840	0.650150	0.075280	0.274570	0.563000	0.208330	0.228670	0.432880	0.411240	0.155880	0.296070	0.617910	0.086020	0.173190	0.780640	0.046170	0.081610	0.850880	0.067510	0.028610	0.814520	0.156870	0.009300	0.674170	0.316530	0.012910	0.467300	0.519790	0.022450	0.261870	0.715680	0.027830	0.112070	0.860100	0.026130	0.040110	0.933760	0.020320	0.070650	0.909030
0.382630	0.477900	0.139470	0.428230	0.422770	0.149000	0.508490	0.311780	0.179730	0.590860	0.184890	0.224250	0.656440	0.074430	0.269130	0.685130	0.023370	0.291500	0.651360	0.059030	0.289610	0.574500	0.176510	0.248990	0.460640	0.359620	0.179740	0.326910	0.567700	0.105390	0.195710	0.750660	0.053630	0.099090	0.845870	0.055040	0.036860	0.834340	0.128800	0.010130	0.716110	0.273760	0.008530	0.526770	0.464700	0.016660	0.313110	0.670230	0.023950	0.140120	0.835930	0.022350	0.049020	0.928630	0.018570	0.051450	0.929980	0.019280	0.147340	0.833380
0.418260	0.437310	0.144430	0.488430	0.338200	0.173370	0.570720	0.212860	0.216420	0.639290	0.095580	0.265130	0.673270	0.030000	0.296730	0.656620	0.041960	0.301420	0.588220	0.141600	0.270180	0.485480	0.309700	0.204820	0.355660	0.513990	0.130350	0.226290	0.705950	0.067760	0.118450	0.831050	0.050500	0.048190	0.850830	0.100980	0.012990	0.758080	0.228930	0.006010	0.584460	0.409530	0.013210	0.374800	0.611990	0.020180	0.179730	0.800090	0.021840	0.060850	0.917310	0.017070	0.041690	0.941240	0.015350	0.111240	0.873410	0.028810	0.250830	0.720360
0.473830	0.358430	0.167740	0.548230	0.238720	0.213050	0.619530	0.120030	0.260440	0.662830	0.039830	0.297340	0.658280	0.032610	0.309110	0.599430	0.113400	0.287170	0.501440	0.272300	0.226260	0.382390	0.466690	0.150920	0.253640	0.662790	0.083570	0.139190	0.807940	0.052870	0.058860	0.855040	0.086100	0.017830	0.793290	0.188880	0.004680	0.635440	0.359880	0.009100	0.427250	0.563650	0.017260	0.228570	0.754170	0.019430	0.083270	0.897300	0.016020	0.035820	0.948160	0.013460	0.084260	0.902280	0.022230	0.206970	0.770800	0.056270	0.362500	0.581230
