0.199615	0.317781	0.482604	0.316639	0.374466	0.308894	0.455911	0.379066	0.165024	0.593468	0.328488	0.078044	0.708696	0.237099	0.054206	0.778417	0.134055	0.087529	0.788756	0.054374	0.156870	0.742635	0.025503	0.231863	0.651824	0.056487	0.291689	0.540963	0.142060	0.316977	0.443881	0.254181	0.301938	0.393270	0.347542	0.259188	0.400740	0.395774	0.203487	0.468171	0.374655	0.157174	0.574703	0.292309	0.132989	0.695897	0.172010	0.132094	0.789982	0.064385	0.145633	0.831914	0.010491	0.157594	0.810412	0.035119	0.154469	0.721696	0.150818	0.127485
0.285136	0.359516	0.355348	0.416862	0.379413	0.203726	0.558227	0.344585	0.097187	0.682285	0.265042	0.052673	0.769136	0.163872	0.066992	0.800606	0.074417	0.124978	0.771410	0.027941	0.200649	0.694672	0.040148	0.265180	0.587827	0.109335	0.302838	0.480863	0.216559	0.302578	0.407047	0.324844	0.268109	0.390087	0.391185	0.218728	0.434305	0.396029	0.169666	0.528473	0.331887	0.139640	0.643709	0.222549	0.133743	0.752173	0.101558	0.146269	0.815308	0.022419	0.162273	0.817174	0.016731	0.166095	0.753991	0.098171	0.147838	0.632227	0.261872	0.105901
0.383732	0.375279	0.240989	0.521613	0.356183	0.122204	0.654129	0.288090	0.057782	0.754107	0.192429	0.053464	0.804862	0.097547	0.097591	0.795593	0.035991	0.168415	0.730632	0.030588	0.238780	0.632213	0.082826	0.284961	0.521747	0.180357	0.297897	0.431292	0.293108	0.275600	0.389768	0.380469	0.229764	0.409050	0.408298	0.182652	0.485618	0.366990	0.147392	0.596253	0.267689	0.136058	0.707258	0.147162	0.145581	0.790464	0.045092	0.164445	0.814772	0.010361	0.174867	0.775014	0.060162	0.164823	0.674985	0.194855	0.130160	0.530285	0.391884	0.077831
0.491980	0.361591	0.146429	0.625341	0.306617	0.068042	0.737203	0.216322	0.046475	0.803318	0.120323	0.076359	0.812630	0.047897	0.139472	0.763537	0.025654	0.210810	0.670089	0.064114	0.265796	0.561491	0.149801	0.288708	0.460837	0.261222	0.277941	0.398505	0.361380	0.240115	0.395434	0.412238	0.192328	0.449853	0.394438	0.155709	0.550589	0.310460	0.138951	0.664859	0.189725	0.145416	0.758023	0.077370	0.164607	0.804817	0.013956	0.181226	0.785324	0.036063	0.178613	0.705780	0.142837	0.151383	0.576828	0.320521	0.102651	0.421142	0.530675	0.048183
0.600618	0.319123	0.080259	0.717517	0.238063	0.044420	0.797865	0.141391	0.060744	0.823477	0.062058	0.114465	0.790774	0.025499	0.183727	0.708026	0.047883	0.244091	0.597686	0.125400	0.276914	0.492556	0.231396	0.276049	0.414628	0.338446	0.246925	0.388751	0.408431	0.202818	0.425102	0.412247	0.162651	0.508264	0.349257	0.142478	0.620695	0.234365	0.144940	0.724016	0.111719	0.164265	0.786907	0.028304	0.184790	0.789979	0.019608	0.190414	0.726869	0.103374	0.169757	0.614287	0.259625	0.126089	0.467941	0.461891	0.070168	0.314466	0.660367	0.025167
0.699216	0.254779	0.046006	0.788386	0.162462	0.049152	0.829291	0.077014	0.093695	0.812345	0.029136	0.158519	0.742333	0.036115	0.221552	0.636689	0.100786	0.262525	0.523652	0.205353	0.270995	0.435535	0.314150	0.250315	0.390415	0.398230	0.211355	0.404359	0.424702	0.170939	0.475393	0.378647	0.145960	0.576400	0.279140	0.144460	0.685669	0.151820	0.162511	0.764115	0.049259	0.186626	0.787643	0.012963	0.199394	0.744901	0.067809	0.187290	0.643635	0.208706	0.147659	0.508621	0.398468	0.092910	0.358105	0.601427	0.040468	0.219058	0.763008	0.017934
0.780498	0.177172	0.042329	0.831677	0.091279	0.077044	0.827919	0.034399	0.137683	0.770123	0.029294	0.200583	0.671442	0.081637	0.246921	0.556655	0.179711	0.263634	0.456262	0.294128	0.249611	0.397681	0.386061	0.216258	0.392424	0.430095	0.177481	0.445233	0.404834	0.149934	0.541833	0.313339	0.144828	0.646789	0.192693	0.160518	0.736995	0.075975	0.187030	0.777943	0.015965	0.206092	0.756094	0.041276	0.202630	0.669470	0.161442	0.169087	0.539009	0.347063	0.113928	0.394187	0.548104	0.057709	0.252870	0.724733	0.022397	0.138679	0.825477	0.035844
0.830939	0.105490	0.063570	0.840333	0.042614	0.117053	0.794824	0.025250	0.179926	0.705626	0.064276	0.230098	0.592510	0.152915	0.254575	0.484191	0.267081	0.248728	0.409305	0.371015	0.219680	0.386839	0.429568	0.183594	0.420344	0.425308	0.154348	0.502950	0.352214	0.144836	0.610431	0.231131	0.158438	0.704160	0.111135	0.184705	0.762670	0.027624	0.209705	0.760410	0.024823	0.214767	0.695581	0.113540	0.190879	0.574957	0.286439	0.138604	0.429155	0.493654	0.077191	0.288122	0.679738	0.032139	0.166589	0.806858	0.026553	0.082017	0.834171	0.083812
0.848594	0.049674	0.101732	0.814874	0.023948	0.161178	0.733297	0.052457	0.214246	0.624368	0.131570	0.244062	0.512076	0.242666	0.245257	0.425235	0.352987	0.221779	0.386546	0.426548	0.186906	0.403664	0.438539	0.157797	0.471414	0.383253	0.145334	0.571988	0.272359	0.155653	0.674393	0.142296	0.183312	0.742230	0.046462	0.211308	0.758492	0.017023	0.224485	0.710195	0.081313	0.208491	0.607463	0.229045	0.163492	0.464420	0.436124	0.099456	0.317205	0.638289	0.044507	0.192143	0.782971	0.024886	0.098470	0.840495	0.061035	0.045467	0.787418	0.167115
0.829414	0.024169	0.146417	0.757468	0.043487	0.199045	0.651416	0.115346	0.233238	0.538355	0.221650	0.239994	0.443103	0.335005	0.221892	0.390301	0.419864	0.189835	0.393235	0.446945	0.159819	0.446944	0.407178	0.145878	0.538131	0.308469	0.153401	0.640601	0.179292	0.180107	0.721149	0.066127	0.212724	0.751076	0.017128	0.231796	0.720037	0.055628	0.224335	0.629406	0.185822	0.184772	0.499449	0.376574	0.123977	0.348917	0.590284	0.060800	0.214292	0.757788	0.027920	0.114695	0.838186	0.047120	0.052420	0.815310	0.132271	0.028005	0.687516	0.284479
0.779218	0.036255	0.184527	0.681057	0.097423	0.221520	0.566444	0.199443	0.234113	0.465036	0.313279	0.221685	0.398919	0.407933	0.193147	0.385219	0.451657	0.163125	0.426320	0.427259	0.146421	0.505995	0.343127	0.150878	0.605076	0.219520	0.175404	0.693167	0.096882	0.209950	0.739690	0.023755	0.236555	0.727333	0.034489	0.238178	0.653066	0.139968	0.206966	0.531406	0.320114	0.148480	0.389003	0.527893	0.083104	0.245703	0.718458	0.035838	0.133551	0.828421	0.038028	0.062699	0.834813	0.102488	0.028713	0.737318	0.233969	0.024853	0.555732	0.419415
0.701120	0.087519	0.211361	0.590200	0.182624	0.227176	0.483448	0.297648	0.218904	0.408745	0.397437	0.193818	0.381941	0.453179	0.164880	0.409709	0.443485	0.146807	0.482743	0.367758	0.149498	0.575677	0.251948	0.172375	0.666117	0.126191	0.207692	0.723956	0.036643	0.239401	0.725894	0.025239	0.248867	0.668959	0.104627	0.226414	0.557487	0.270534	0.171979	0.417085	0.479450	0.103464	0.276696	0.674993	0.048311	0.153758	0.812216	0.034026	0.071683	0.844286	0.084031	0.030710	0.771317	0.197972	0.020512	0.609981	0.369507	0.029162	0.399498	0.571340
0.615384	0.164410	0.220206	0.507824	0.275384	0.216792	0.422791	0.382082	0.195127	0.382548	0.449882	0.167570	0.394826	0.457419	0.147755	0.455625	0.397378	0.146997	0.546163	0.285611	0.168226	0.636346	0.160717	0.202937	0.703930	0.057421	0.238649	0.723353	0.019568	0.257079	0.681209	0.075436	0.243355	0.588063	0.213892	0.198045	0.453710	0.416931	0.129359	0.310138	0.624874	0.064988	0.184180	0.781192	0.034628	0.088245	0.848062	0.063693	0.035561	0.801679	0.162759	0.018219	0.664248	0.317533	0.022423	0.465978	0.511599	0.034441	0.258352	0.707207
0.526158	0.260892	0.212950	0.437030	0.368158	0.194812	0.385705	0.445817	0.168478	0.385387	0.466396	0.148216	0.434289	0.420624	0.145087	0.518090	0.317844	0.164066	0.611159	0.188891	0.199951	0.683149	0.079058	0.237793	0.715135	0.022023	0.262842	0.689861	0.051400	0.258739	0.605717	0.175696	0.218587	0.485348	0.359565	0.155087	0.341843	0.573641	0.084516	0.208923	0.750417	0.040659	0.107451	0.842409	0.050141	0.042798	0.825561	0.131640	0.017362	0.704101	0.278537	0.017290	0.519959	0.462751	0.027870	0.312608	0.659522	0.036779	0.138050	0.825171
0.451403	0.354750	0.193847	0.391963	0.438324	0.169712	0.379219	0.472087	0.148694	0.415726	0.440990	0.143284	0.490769	0.349854	0.159376	0.582275	0.223383	0.194341	0.661885	0.102202	0.235913	0.703583	0.030302	0.266115	0.694198	0.034579	0.271224	0.626757	0.132363	0.240881	0.510809	0.310489	0.178702	0.377104	0.514576	0.108320	0.239130	0.709008	0.051862	0.127519	0.829088	0.043393	0.054776	0.844007	0.101217	0.018938	0.747295	0.233767	0.013431	0.570186	0.416383	0.021932	0.367456	0.610611	0.031567	0.181291	0.787142	0.034143	0.063225	0.902631
0.397677	0.433277	0.169046	0.375998	0.475345	0.148657	0.402544	0.455664	0.141792	0.468736	0.375487	0.155777	0.556460	0.253961	0.189579	0.639275	0.127742	0.232984	0.690501	0.040466	0.269033	0.692560	0.026501	0.280940	0.639781	0.100794	0.259425	0.536315	0.260009	0.203676	0.401048	0.469952	0.129000	0.268151	0.664965	0.066884	0.148636	0.809240	0.042124	0.065867	0.851697	0.082436	0.022753	0.784208	0.193039	0.010701	0.619739	0.369560	0.017057	0.412440	0.570503	0.026613	0.221390	0.751997	0.030770	0.084442	0.884787	0.027410	0.040046	0.932544
0.374943	0.476500	0.148557	0.390618	0.469053	0.140329	0.448417	0.399601	0.151982	0.530578	0.285668	0.183753	0.614718	0.157439	0.227843	0.674310	0.057037	0.268653	0.688296	0.023301	0.288403	0.649692	0.074625	0.275683	0.560328	0.211529	0.228143	0.433833	0.410366	0.155802	0.294642	0.621537	0.083820	0.175197	0.778801	0.046002	0.081864	0.852358	0.065778	0.028558	0.812707	0.158735	0.009692	0.675306	0.315002	0.012371	0.469919	0.517710	0.021964	0.264286	0.713751	0.027388	0.112195	0.860417	0.025609	0.041067	0.933325	0.020737	0.070666	0.908597
0.383016	0.478024	0.138960	0.431674	0.419562	0.148764	0.509492	0.311034	0.179474	0.592390	0.184089	0.223521	0.657192	0.075154	0.267654	0.681448	0.024422	0.294130	0.652930	0.058471	0.288600	0.576228	0.175101	0.248672	0.459816	0.359610	0.180574	0.324242	0.570794	0.104965	0.195341	0.751197	0.053463	0.099263	0.845009	0.055728	0.036277	0.833972	0.129751	0.010019	0.715836	0.274145	0.008518	0.527908	0.463574	0.017398	0.312172	0.670430	0.024003	0.139175	0.836822	0.023493	0.048462	0.928045	0.018831	0.052141	0.929029	0.019401	0.147894	0.832705
0.417031	0.437373	0.145596	0.487060	0.339384	0.173556	0.569511	0.212815	0.217674	0.638134	0.097756	0.264110	0.672453	0.030489	0.297058	0.657147	0.042216	0.300638	0.589895	0.142613	0.267491	0.485232	0.309135	0.205633	0.355949	0.514666	0.129385	0.225602	0.707347	0.067051	0.117321	0.831289	0.051390	0.048270	0.849773	0.101956	0.012759	0.758837	0.228404	0.005872	0.582878	0.411250	0.012733	0.374316	0.612951	0.020530	0.179997	0.799473	0.021538	0.062099	0.916362	0.017387	0.040441	0.942171	0.015878	0.110593	0.873529	0.029171	0.249966	0.720863
0.470348	0.359986	0.169665	0.548476	0.239262	0.212262	0.620265	0.118607	0.261128	0.661442	0.039807	0.298750	0.657254	0.032580	0.310167	0.601667	0.113034	0.285298	0.502301	0.271167	0.226533	0.381141	0.466570	0.152289	0.252668	0.663872	0.083460	0.139586	0.808582	0.051832	0.058921	0.855579	0.085500	0.017446	0.793869	0.188685	0.004425	0.634904	0.360671	0.009006	0.426430	0.564564	0.016910	0.227823	0.755267	0.019544	0.083097	0.897359	0.015918	0.036125	0.947958	0.013257	0.083763	0.902980	0.022401	0.205624	0.771975	0.055280	0.362759	0.581961
