0.201490	0.318200	0.480310	0.315840	0.374940	0.309220	0.455830	0.378750	0.165420	0.590560	0.331670	0.077770	0.708850	0.238850	0.052300	0.780170	0.134680	0.085150	0.787380	0.055250	0.157370	0.743550	0.026130	0.230320	0.652860	0.056420	0.290720	0.541580	0.141800	0.316620	0.445020	0.252520	0.302460	0.395200	0.345670	0.259130	0.401490	0.395720	0.202790	0.467930	0.375110	0.156960	0.574060	0.293330	0.132610	0.697660	0.169790	0.132550	0.789070	0.065150	0.145780	0.832120	0.010580	0.157300	0.810110	0.034370	0.155520	0.722380	0.151230	0.126390
0.285160	0.359660	0.355180	0.416300	0.378830	0.204870	0.560250	0.343040	0.096710	0.682020	0.264630	0.053350	0.768690	0.164070	0.067240	0.798260	0.075200	0.126540	0.772780	0.028300	0.198920	0.696890	0.039550	0.263560	0.588200	0.107420	0.304380	0.480680	0.216970	0.302350	0.409540	0.323920	0.266540	0.391660	0.389900	0.218440	0.433470	0.398180	0.168350	0.526440	0.333790	0.139770	0.642460	0.223800	0.133740	0.751140	0.102420	0.146440	0.816000	0.021930	0.162070	0.817010	0.016790	0.166200	0.751230	0.098510	0.150260	0.633480	0.261700	0.104820
0.384530	0.373640	0.241830	0.518480	0.357290	0.124230	0.655970	0.287990	0.056040	0.754190	0.193150	0.052660	0.805210	0.097420	0.097370	0.792270	0.036650	0.171080	0.729670	0.031060	0.239270	0.633630	0.082300	0.284070	0.522330	0.180130	0.297540	0.431290	0.291380	0.277330	0.387820	0.379080	0.233100	0.408620	0.408040	0.183340	0.486480	0.367150	0.146370	0.594860	0.268340	0.136800	0.704700	0.148600	0.146700	0.789990	0.043990	0.166020	0.815850	0.009700	0.174450	0.775450	0.061120	0.163430	0.674780	0.194370	0.130850	0.529460	0.392270	0.078270
0.490190	0.363780	0.146030	0.626390	0.305790	0.067820	0.737980	0.216440	0.045580	0.803930	0.120710	0.075360	0.814100	0.047610	0.138290	0.765690	0.025920	0.208390	0.669370	0.064000	0.266630	0.559430	0.150100	0.290470	0.460980	0.261460	0.277560	0.396680	0.362390	0.240930	0.393820	0.412100	0.194080	0.452320	0.392030	0.155650	0.550940	0.312630	0.136430	0.667090	0.188210	0.144700	0.756430	0.078370	0.165200	0.805630	0.013970	0.180400	0.783630	0.036800	0.179570	0.703000	0.142710	0.154290	0.577490	0.318910	0.103600	0.420390	0.529890	0.049720
0.602120	0.318090	0.079790	0.720510	0.235420	0.044070	0.798740	0.141290	0.059970	0.823990	0.060700	0.115310	0.789180	0.026450	0.184370	0.708860	0.047030	0.244110	0.599360	0.124380	0.276260	0.492740	0.233180	0.274080	0.415580	0.336930	0.247490	0.388290	0.410530	0.201180	0.424130	0.413200	0.162670	0.507390	0.349980	0.142630	0.620000	0.233600	0.146400	0.723410	0.112870	0.163720	0.787430	0.027500	0.185070	0.789990	0.020020	0.189990	0.725510	0.103430	0.171060	0.613810	0.260440	0.125750	0.468490	0.463730	0.067780	0.313740	0.660560	0.025700
0.699770	0.253780	0.046450	0.787360	0.163250	0.049390	0.825670	0.077560	0.096770	0.811140	0.029320	0.159540	0.742110	0.035830	0.222060	0.638110	0.100530	0.261360	0.522030	0.205710	0.272260	0.436970	0.314820	0.248210	0.391940	0.399530	0.208530	0.403800	0.425880	0.170320	0.475370	0.378640	0.145990	0.573710	0.278470	0.147820	0.683320	0.153670	0.163010	0.765070	0.049470	0.185460	0.788930	0.012770	0.198300	0.746380	0.068000	0.185620	0.643220	0.209040	0.147740	0.508180	0.399570	0.092250	0.359660	0.600200	0.040140	0.218880	0.763400	0.017720
0.780780	0.177810	0.041410	0.829040	0.093580	0.077380	0.830100	0.033480	0.136420	0.768800	0.028920	0.202280	0.671730	0.080880	0.247390	0.559360	0.178370	0.262270	0.456570	0.293200	0.250230	0.397820	0.386090	0.216090	0.391820	0.430660	0.177520	0.444140	0.405310	0.150550	0.542140	0.313140	0.144720	0.645890	0.191560	0.162550	0.736090	0.076190	0.187720	0.775970	0.015960	0.208070	0.757540	0.041130	0.201330	0.668040	0.163760	0.168200	0.538370	0.346740	0.114890	0.396080	0.546370	0.057550	0.254950	0.722910	0.022140	0.139410	0.824200	0.036390
0.830520	0.105960	0.063520	0.841840	0.041960	0.116200	0.794660	0.025440	0.179900	0.706100	0.064860	0.229040	0.589610	0.154250	0.256140	0.483420	0.267730	0.248850	0.408540	0.370570	0.220890	0.387200	0.430710	0.182090	0.423120	0.423840	0.153040	0.506330	0.349200	0.144470	0.610150	0.231920	0.157930	0.703950	0.111990	0.184060	0.762870	0.027100	0.210030	0.760410	0.024750	0.214840	0.696740	0.113320	0.189940	0.574740	0.288400	0.136860	0.429390	0.493470	0.077140	0.290050	0.677650	0.032300	0.165230	0.807860	0.026910	0.082140	0.834850	0.083010
0.848320	0.049520	0.102160	0.814270	0.024000	0.161730	0.733860	0.051920	0.214220	0.627960	0.131570	0.240470	0.510860	0.242420	0.246720	0.424730	0.350930	0.224340	0.386270	0.426930	0.186800	0.403930	0.438740	0.157330	0.469400	0.385190	0.145410	0.570000	0.273210	0.156790	0.674640	0.143620	0.181740	0.743970	0.045660	0.210370	0.757410	0.017430	0.225160	0.711360	0.080490	0.208150	0.606960	0.228010	0.165030	0.464370	0.435810	0.099820	0.315910	0.639170	0.044920	0.191150	0.783600	0.025250	0.097250	0.839940	0.062810	0.046130	0.785130	0.168740
0.828770	0.025020	0.146210	0.759600	0.043580	0.196820	0.651830	0.115210	0.232960	0.535770	0.223290	0.240940	0.444910	0.332570	0.222520	0.391130	0.420240	0.188630	0.393050	0.446710	0.160240	0.445850	0.407550	0.146600	0.535850	0.310890	0.153260	0.642110	0.179730	0.178160	0.720750	0.066290	0.212960	0.754160	0.016550	0.229290	0.720040	0.055860	0.224100	0.628610	0.185860	0.185530	0.500560	0.375420	0.124020	0.349620	0.590660	0.059720	0.216750	0.755540	0.027710	0.113240	0.838260	0.048500	0.053750	0.813420	0.132830	0.028880	0.690140	0.280980
0.776850	0.036020	0.187130	0.681580	0.097180	0.221240	0.572080	0.195180	0.232740	0.466280	0.314760	0.218960	0.397070	0.408200	0.194730	0.384310	0.454190	0.161500	0.425530	0.428540	0.145930	0.506900	0.342480	0.150620	0.602190	0.221260	0.176550	0.691540	0.097480	0.210980	0.739610	0.023910	0.236480	0.726840	0.034670	0.238490	0.653310	0.140070	0.206620	0.531490	0.319420	0.149090	0.392880	0.524790	0.082330	0.244300	0.720480	0.035220	0.134470	0.828170	0.037360	0.062980	0.834660	0.102360	0.028980	0.737130	0.233890	0.024650	0.555780	0.419570
0.699070	0.088280	0.212650	0.592060	0.180870	0.227070	0.485500	0.295750	0.218750	0.409760	0.398670	0.191570	0.379050	0.453610	0.167340	0.412310	0.440720	0.146970	0.482420	0.367900	0.149680	0.574970	0.253010	0.172020	0.666460	0.127220	0.206320	0.724200	0.036750	0.239050	0.726870	0.025440	0.247690	0.668720	0.104830	0.226450	0.558720	0.268550	0.172730	0.417740	0.479570	0.102690	0.277050	0.673460	0.049490	0.153490	0.813220	0.033290	0.071600	0.845120	0.083280	0.030510	0.772280	0.197210	0.019900	0.609720	0.370380	0.029380	0.397520	0.573100
0.615270	0.164360	0.220370	0.506970	0.276600	0.216430	0.425440	0.380360	0.194200	0.380600	0.452090	0.167310	0.393270	0.457930	0.148800	0.455890	0.397100	0.147010	0.546550	0.285590	0.167860	0.637910	0.160070	0.202020	0.705340	0.056720	0.237940	0.724370	0.020070	0.255560	0.681380	0.074520	0.244100	0.587530	0.215100	0.197370	0.452380	0.417810	0.129810	0.309100	0.626580	0.064320	0.184210	0.781130	0.034660	0.088400	0.847750	0.063850	0.035750	0.799530	0.164720	0.018110	0.662530	0.319360	0.022320	0.467070	0.510610	0.034180	0.257990	0.707830
0.526030	0.260100	0.213870	0.436090	0.370280	0.193630	0.385060	0.446720	0.168220	0.386730	0.465130	0.148140	0.435270	0.422080	0.142650	0.518440	0.316820	0.164740	0.612920	0.186770	0.200310	0.683710	0.079430	0.236860	0.717200	0.022050	0.260750	0.690900	0.051070	0.258030	0.606980	0.175630	0.217390	0.484570	0.359180	0.156250	0.343680	0.572250	0.084070	0.209060	0.751750	0.039190	0.108800	0.841090	0.050110	0.042940	0.823990	0.133070	0.017180	0.704470	0.278350	0.016940	0.519920	0.463140	0.027130	0.310900	0.661970	0.037590	0.136290	0.826120
0.452260	0.356010	0.191730	0.390610	0.439290	0.170100	0.377310	0.473580	0.149110	0.415560	0.442850	0.141590	0.488690	0.352860	0.158450	0.584160	0.222480	0.193360	0.659330	0.100790	0.239880	0.702890	0.030230	0.266880	0.695180	0.034630	0.270190	0.627140	0.131610	0.241250	0.513570	0.308340	0.178090	0.374500	0.515850	0.109650	0.240260	0.705980	0.053760	0.128970	0.827460	0.043570	0.055180	0.844310	0.100510	0.018550	0.748770	0.232680	0.012700	0.569360	0.417940	0.021850	0.365310	0.612840	0.031060	0.182460	0.786480	0.034140	0.062520	0.903340
0.397820	0.432660	0.169520	0.375140	0.475270	0.149590	0.403700	0.455850	0.140450	0.467870	0.376120	0.156010	0.557180	0.252830	0.189990	0.638370	0.127850	0.233780	0.691050	0.041410	0.267540	0.691830	0.026920	0.281250	0.640180	0.102090	0.257730	0.535140	0.261820	0.203040	0.399240	0.471370	0.129390	0.267790	0.664780	0.067430	0.148360	0.809140	0.042500	0.065140	0.853190	0.081670	0.022520	0.785830	0.191650	0.009860	0.618970	0.371170	0.016430	0.410860	0.572710	0.026600	0.220830	0.752570	0.030440	0.085430	0.884130	0.027460	0.040730	0.931810
0.374640	0.474850	0.150510	0.392780	0.467910	0.139310	0.449970	0.398620	0.151410	0.527490	0.287400	0.185110	0.612390	0.159540	0.228070	0.672080	0.058070	0.269850	0.685460	0.023320	0.291220	0.649540	0.075080	0.275380	0.558750	0.211630	0.229620	0.432980	0.410870	0.156150	0.295910	0.620650	0.083440	0.176680	0.778950	0.044370	0.081320	0.852640	0.066040	0.029000	0.811460	0.159540	0.009880	0.675530	0.314590	0.012760	0.470890	0.516350	0.021660	0.263050	0.715290	0.026480	0.110960	0.862560	0.025530	0.040200	0.934270	0.020560	0.072120	0.907320
0.383340	0.477870	0.138790	0.432220	0.418380	0.149400	0.510000	0.310350	0.179650	0.594700	0.182580	0.222720	0.658490	0.074720	0.266790	0.680000	0.023820	0.296180	0.652160	0.057440	0.290400	0.577440	0.176510	0.246050	0.461620	0.357430	0.180950	0.323540	0.571820	0.104640	0.196060	0.750730	0.053210	0.098080	0.846430	0.055490	0.036480	0.832560	0.130960	0.009900	0.717000	0.273100	0.008730	0.528350	0.462920	0.017700	0.311600	0.670700	0.024370	0.139450	0.836180	0.023190	0.048420	0.928390	0.018610	0.053150	0.928240	0.019350	0.147020	0.833630
0.415930	0.436500	0.147570	0.485920	0.340090	0.173990	0.568380	0.213180	0.218440	0.636640	0.097330	0.266030	0.675550	0.029140	0.295310	0.653900	0.041620	0.304480	0.592060	0.141080	0.266860	0.482750	0.310250	0.207000	0.356710	0.515090	0.128200	0.226050	0.707030	0.066920	0.117830	0.830500	0.051670	0.049200	0.849020	0.101780	0.012320	0.759370	0.228310	0.005780	0.582250	0.411970	0.012320	0.372580	0.615100	0.020660	0.178010	0.801330	0.022710	0.061170	0.916120	0.016850	0.040650	0.942500	0.016140	0.111960	0.871900	0.029660	0.253480	0.716860
0.469760	0.361290	0.168950	0.547450	0.241520	0.211030	0.619610	0.117680	0.262710	0.661860	0.038950	0.299190	0.656180	0.033710	0.310110	0.599320	0.115290	0.285390	0.500770	0.271120	0.228110	0.381090	0.465270	0.153640	0.252740	0.664520	0.082740	0.139290	0.809060	0.051650	0.058550	0.854380	0.087070	0.016910	0.793420	0.189670	0.004460	0.633630	0.361910	0.008860	0.427370	0.563770	0.016600	0.226400	0.757000	0.019930	0.084030	0.896040	0.015480	0.035920	0.948600	0.014450	0.084630	0.900920	0.022400	0.204430	0.773170	0.055090	0.362540	0.582370
