0.199030	0.317820	0.483150	0.317790	0.373320	0.308890	0.455080	0.378280	0.166640	0.593350	0.327650	0.079000	0.712630	0.232990	0.054380	0.780660	0.132850	0.086490	0.789270	0.054830	0.155900	0.742060	0.025480	0.232460	0.652130	0.056520	0.291350	0.539260	0.141580	0.319160	0.445570	0.252700	0.301730	0.393400	0.346580	0.260020	0.397900	0.395160	0.206940	0.467170	0.374870	0.157960	0.575720	0.291900	0.132380	0.697490	0.171280	0.131230	0.789850	0.065210	0.144940	0.829810	0.010580	0.159610	0.811350	0.035020	0.153630	0.723560	0.150390	0.126050
0.288850	0.358290	0.352860	0.419600	0.377320	0.203080	0.559280	0.343080	0.097640	0.680810	0.265930	0.053260	0.768790	0.164210	0.067000	0.799840	0.074260	0.125900	0.771160	0.027940	0.200900	0.696910	0.039140	0.263950	0.588950	0.108530	0.302520	0.481350	0.215640	0.303010	0.405750	0.326850	0.267400	0.388660	0.391660	0.219680	0.433610	0.396310	0.170080	0.526830	0.333390	0.139780	0.642810	0.220970	0.136220	0.752140	0.100540	0.147320	0.816830	0.022300	0.160870	0.815250	0.017180	0.167570	0.753790	0.098100	0.148110	0.632430	0.260970	0.106600
0.381870	0.376950	0.241180	0.519960	0.358680	0.121360	0.653180	0.288700	0.058120	0.753860	0.192280	0.053860	0.804370	0.098490	0.097140	0.796300	0.035320	0.168380	0.730840	0.030200	0.238960	0.631430	0.081620	0.286950	0.520100	0.181210	0.298690	0.430110	0.293600	0.276290	0.390510	0.379700	0.229790	0.412340	0.407190	0.180470	0.486900	0.367910	0.145190	0.595090	0.268420	0.136490	0.708450	0.145430	0.146120	0.790260	0.044250	0.165490	0.812000	0.010720	0.177280	0.774180	0.059720	0.166100	0.672830	0.196140	0.131030	0.532200	0.390650	0.077150
0.492160	0.361460	0.146380	0.625870	0.306720	0.067410	0.738180	0.216200	0.045620	0.804200	0.120180	0.075620	0.812850	0.047600	0.139550	0.765500	0.025820	0.208680	0.668110	0.063430	0.268460	0.561500	0.150730	0.287770	0.461410	0.261220	0.277370	0.399590	0.360830	0.239580	0.395740	0.411490	0.192770	0.447690	0.395630	0.156680	0.550760	0.310200	0.139040	0.665630	0.190430	0.143940	0.757480	0.076850	0.165670	0.806260	0.013730	0.180010	0.786190	0.035640	0.178170	0.708080	0.143210	0.148710	0.574990	0.322710	0.102300	0.421760	0.528940	0.049300
0.603250	0.316090	0.080660	0.716430	0.239470	0.044100	0.797590	0.141340	0.061070	0.824250	0.061430	0.114320	0.791630	0.025220	0.183150	0.707780	0.048410	0.243810	0.597400	0.126090	0.276510	0.491830	0.230880	0.277290	0.414480	0.336400	0.249120	0.388410	0.406400	0.205190	0.425430	0.412910	0.161660	0.508390	0.348870	0.142740	0.620190	0.235930	0.143880	0.724960	0.112010	0.163030	0.787470	0.028330	0.184200	0.791150	0.019520	0.189330	0.726130	0.103130	0.170740	0.614680	0.258790	0.126530	0.470640	0.459160	0.070200	0.313450	0.660510	0.026040
0.699570	0.254900	0.045530	0.788850	0.161680	0.049470	0.829680	0.077060	0.093260	0.812120	0.028530	0.159350	0.742340	0.037160	0.220500	0.639600	0.099970	0.260430	0.526080	0.205380	0.268540	0.434890	0.313040	0.252070	0.389780	0.399530	0.210690	0.403420	0.424930	0.171650	0.475720	0.379290	0.144990	0.575880	0.279190	0.144930	0.684170	0.151410	0.164420	0.764770	0.048850	0.186380	0.787670	0.013050	0.199280	0.745180	0.067440	0.187380	0.643180	0.208080	0.148740	0.509100	0.399190	0.091710	0.360710	0.598840	0.040450	0.218570	0.763840	0.017590
0.777970	0.179690	0.042340	0.831580	0.091990	0.076430	0.830410	0.034040	0.135550	0.771010	0.028810	0.200180	0.670650	0.081210	0.248140	0.559250	0.178380	0.262370	0.457930	0.292760	0.249310	0.397240	0.387310	0.215450	0.392150	0.429770	0.178080	0.444870	0.404930	0.150200	0.542810	0.312980	0.144210	0.644290	0.194710	0.161000	0.734900	0.076520	0.188580	0.776550	0.016810	0.206640	0.756570	0.040800	0.202630	0.669430	0.161330	0.169240	0.544790	0.340690	0.114520	0.394920	0.548440	0.056640	0.252470	0.724170	0.023360	0.139140	0.824470	0.036390
0.830260	0.105500	0.064240	0.840860	0.043290	0.115850	0.794750	0.025310	0.179940	0.708850	0.064400	0.226750	0.594520	0.149990	0.255490	0.483020	0.269300	0.247680	0.409560	0.369720	0.220720	0.387630	0.427790	0.184580	0.423410	0.422250	0.154340	0.503910	0.353210	0.142880	0.611720	0.229860	0.158420	0.703110	0.112010	0.184880	0.760970	0.027710	0.211320	0.760440	0.024100	0.215460	0.694480	0.112980	0.192540	0.573720	0.287780	0.138500	0.429440	0.491710	0.078850	0.287940	0.679590	0.032470	0.166230	0.808330	0.025440	0.081720	0.834580	0.083700
0.850620	0.049010	0.100370	0.814330	0.025030	0.160640	0.735370	0.052350	0.212280	0.624530	0.132100	0.243370	0.513050	0.239240	0.247710	0.425950	0.353290	0.220760	0.386460	0.427490	0.186050	0.403080	0.439990	0.156930	0.470470	0.384550	0.144980	0.572110	0.274930	0.152960	0.677020	0.140130	0.182850	0.740840	0.046670	0.212490	0.759130	0.016670	0.224200	0.710180	0.081050	0.208770	0.609330	0.229220	0.161450	0.463500	0.436510	0.099990	0.317610	0.637950	0.044440	0.190480	0.785130	0.024390	0.098040	0.840290	0.061670	0.044870	0.786080	0.169050
0.832610	0.024110	0.143280	0.759920	0.043930	0.196150	0.652680	0.114110	0.233210	0.538490	0.221890	0.239620	0.439190	0.336010	0.224800	0.389900	0.420840	0.189260	0.394060	0.444660	0.161280	0.447820	0.403740	0.148440	0.537930	0.308280	0.153790	0.641600	0.179010	0.179390	0.721390	0.066120	0.212490	0.749870	0.017140	0.232990	0.720310	0.055710	0.223980	0.631140	0.183860	0.185000	0.500750	0.375990	0.123260	0.347570	0.591120	0.061310	0.216470	0.756030	0.027500	0.115090	0.837130	0.047780	0.051620	0.813960	0.134420	0.028330	0.688700	0.282970
0.779390	0.036280	0.184330	0.679020	0.096830	0.224150	0.566020	0.200880	0.233100	0.462260	0.317040	0.220700	0.398450	0.408940	0.192610	0.383210	0.452840	0.163950	0.425580	0.428570	0.145850	0.504580	0.344430	0.150990	0.606410	0.218250	0.175340	0.690780	0.097530	0.211690	0.738190	0.024040	0.237770	0.728940	0.034040	0.237020	0.654010	0.139050	0.206940	0.534710	0.319030	0.146260	0.387720	0.529110	0.083170	0.246710	0.718490	0.034800	0.134480	0.827200	0.038320	0.063290	0.832690	0.104020	0.028260	0.737390	0.234350	0.024580	0.554140	0.421280
0.702380	0.088520	0.209100	0.590740	0.183110	0.226150	0.481790	0.299500	0.218710	0.404940	0.400550	0.194510	0.382270	0.452780	0.164950	0.409210	0.444190	0.146600	0.484560	0.366470	0.148970	0.574930	0.251410	0.173660	0.665130	0.127240	0.207630	0.725780	0.036400	0.237820	0.726710	0.024680	0.248610	0.668040	0.104500	0.227460	0.555350	0.269660	0.174990	0.418500	0.477450	0.104050	0.275540	0.676650	0.047810	0.153590	0.812960	0.033450	0.071790	0.844660	0.083550	0.031480	0.770820	0.197700	0.020430	0.611420	0.368150	0.029190	0.401240	0.569570
0.613500	0.163980	0.222520	0.503830	0.279410	0.216760	0.423150	0.380440	0.196410	0.384330	0.448700	0.166970	0.395120	0.458110	0.146770	0.455390	0.398980	0.145630	0.546690	0.284420	0.168890	0.637660	0.159890	0.202450	0.704060	0.056530	0.239410	0.724780	0.020490	0.254730	0.682670	0.074690	0.242640	0.587640	0.216450	0.195910	0.454390	0.415700	0.129910	0.311240	0.624440	0.064320	0.183130	0.782890	0.033980	0.087830	0.848830	0.063340	0.035090	0.803860	0.161050	0.018080	0.664660	0.317260	0.022450	0.467550	0.510000	0.034950	0.258260	0.706790
0.525060	0.260970	0.213970	0.437910	0.366830	0.195260	0.386390	0.444270	0.169340	0.384100	0.467140	0.148760	0.433650	0.420220	0.146130	0.517910	0.316890	0.165200	0.610620	0.190380	0.199000	0.680230	0.080380	0.239390	0.715250	0.022500	0.262250	0.690450	0.050540	0.259010	0.604740	0.176360	0.218900	0.486440	0.358090	0.155470	0.343250	0.571360	0.085390	0.209430	0.750280	0.040290	0.108120	0.841010	0.050870	0.041670	0.825700	0.132630	0.017840	0.704080	0.278080	0.018680	0.521310	0.460010	0.028200	0.313790	0.658010	0.036930	0.139400	0.823670
0.453510	0.352070	0.194420	0.392120	0.437000	0.170880	0.379990	0.470260	0.149750	0.413030	0.442940	0.144030	0.491530	0.349150	0.159320	0.586210	0.220370	0.193420	0.663510	0.101260	0.235230	0.703430	0.029750	0.266820	0.696840	0.033790	0.269370	0.624850	0.131500	0.243650	0.509060	0.311960	0.178980	0.378610	0.514650	0.106740	0.238570	0.710550	0.050880	0.127490	0.829000	0.043510	0.054200	0.842910	0.102890	0.019910	0.748060	0.232030	0.013760	0.568890	0.417350	0.022640	0.366100	0.611260	0.031800	0.182060	0.786140	0.034240	0.062920	0.902840
0.397830	0.432710	0.169460	0.374360	0.475460	0.150180	0.403960	0.454620	0.141420	0.469490	0.375440	0.155070	0.555270	0.256350	0.188380	0.638510	0.127830	0.233660	0.691650	0.040180	0.268170	0.692610	0.027280	0.280110	0.637790	0.101060	0.261150	0.536390	0.258780	0.204830	0.398360	0.472290	0.129350	0.267440	0.665220	0.067340	0.149370	0.809370	0.041260	0.065430	0.851200	0.083370	0.022840	0.783260	0.193900	0.010600	0.619680	0.369720	0.017060	0.412320	0.570620	0.026480	0.219810	0.753710	0.030700	0.085640	0.883660	0.027950	0.039870	0.932180
0.374690	0.476980	0.148330	0.390720	0.469340	0.139940	0.448240	0.401070	0.150690	0.526440	0.289650	0.183910	0.616240	0.155090	0.228670	0.673690	0.057040	0.269270	0.688520	0.023330	0.288150	0.647720	0.075380	0.276900	0.561160	0.210590	0.228250	0.433710	0.410160	0.156130	0.293190	0.621420	0.085390	0.174380	0.780130	0.045490	0.082510	0.851410	0.066080	0.028100	0.813200	0.158700	0.009300	0.680480	0.310220	0.011740	0.468730	0.519530	0.022090	0.263410	0.714500	0.027670	0.111820	0.860510	0.025760	0.040680	0.933560	0.020920	0.069870	0.909210
0.384420	0.477140	0.138440	0.431710	0.418230	0.150060	0.510390	0.310620	0.178990	0.593360	0.182360	0.224280	0.654950	0.075760	0.269290	0.683290	0.024040	0.292670	0.652460	0.058490	0.289050	0.577280	0.174860	0.247860	0.460240	0.360040	0.179720	0.323680	0.571500	0.104820	0.193390	0.752370	0.054240	0.100000	0.842960	0.057040	0.036620	0.832170	0.131210	0.009860	0.715690	0.274450	0.008210	0.529360	0.462430	0.017410	0.311680	0.670910	0.023450	0.139160	0.837390	0.023590	0.049130	0.927280	0.019170	0.052700	0.928130	0.019040	0.148450	0.832510
0.416750	0.436860	0.146390	0.486590	0.340560	0.172850	0.569710	0.213580	0.216710	0.637490	0.097140	0.265370	0.675180	0.029310	0.295510	0.656680	0.041830	0.301490	0.589440	0.144970	0.265590	0.485090	0.306380	0.208530	0.356090	0.514240	0.129670	0.225520	0.706130	0.068350	0.117300	0.831480	0.051220	0.047160	0.850660	0.102180	0.012910	0.760610	0.226480	0.005990	0.578420	0.415590	0.012950	0.373910	0.613140	0.020440	0.179840	0.799720	0.021740	0.062440	0.915820	0.016950	0.040840	0.942210	0.015580	0.109870	0.874550	0.029100	0.249020	0.721880
0.469910	0.360910	0.169180	0.548000	0.240490	0.211510	0.618990	0.118120	0.262890	0.662810	0.039780	0.297410	0.658060	0.032250	0.309690	0.602130	0.113740	0.284130	0.502950	0.270860	0.226190	0.379450	0.467670	0.152880	0.249350	0.667750	0.082900	0.139180	0.809700	0.051120	0.059640	0.855610	0.084750	0.018030	0.792630	0.189340	0.004000	0.635910	0.360090	0.008940	0.429190	0.561870	0.016970	0.229840	0.753190	0.020430	0.084340	0.895230	0.015730	0.035840	0.948430	0.012860	0.083750	0.903390	0.022340	0.207060	0.770600	0.055060	0.365860	0.579080
