0.199069	0.318165	0.482766	0.316443	0.374646	0.308911	0.456630	0.378695	0.164675	0.592926	0.328829	0.078245	0.709513	0.236315	0.054172	0.779869	0.133509	0.086622	0.788788	0.054595	0.156617	0.742379	0.025182	0.232439	0.651424	0.056460	0.292116	0.540886	0.142169	0.316945	0.443827	0.253860	0.302313	0.393446	0.347037	0.259517	0.400889	0.395647	0.203464	0.468023	0.375456	0.156521	0.574752	0.291967	0.133281	0.695457	0.172165	0.132378	0.789585	0.064507	0.145908	0.831933	0.010346	0.157721	0.810082	0.035129	0.154789	0.721197	0.151090	0.127713
0.284934	0.359722	0.355344	0.417060	0.379263	0.203677	0.557722	0.344609	0.097669	0.681913	0.265481	0.052606	0.769571	0.163583	0.066846	0.800607	0.074821	0.124572	0.772507	0.027762	0.199731	0.695037	0.040253	0.264710	0.587254	0.109909	0.302837	0.480263	0.216776	0.302961	0.407757	0.325111	0.267132	0.390852	0.390958	0.218190	0.434319	0.396058	0.169623	0.529524	0.331103	0.139373	0.644572	0.222299	0.133129	0.751686	0.102051	0.146263	0.815595	0.022300	0.162105	0.817230	0.016663	0.166107	0.753160	0.098706	0.148134	0.632426	0.261647	0.105927
0.383716	0.375446	0.240838	0.521481	0.355782	0.122737	0.654245	0.287972	0.057783	0.754100	0.192128	0.053772	0.805200	0.097584	0.097216	0.794967	0.036408	0.168625	0.731249	0.030859	0.237892	0.631828	0.082854	0.285318	0.520881	0.181272	0.297847	0.431223	0.293766	0.275011	0.389923	0.380783	0.229294	0.409411	0.408258	0.182331	0.485138	0.367655	0.147207	0.595356	0.268459	0.136185	0.706816	0.147084	0.146100	0.789775	0.045333	0.164892	0.814529	0.010535	0.174936	0.775152	0.060099	0.164749	0.675543	0.194764	0.129693	0.529596	0.392595	0.077809
0.492007	0.361365	0.146628	0.625568	0.306365	0.068067	0.736865	0.216895	0.046240	0.803294	0.120522	0.076184	0.812335	0.047804	0.139861	0.763409	0.025523	0.211068	0.669974	0.064197	0.265829	0.561794	0.150094	0.288112	0.461716	0.260451	0.277833	0.398321	0.361253	0.240426	0.396348	0.412556	0.191096	0.449703	0.393916	0.156381	0.551585	0.309906	0.138509	0.664879	0.189939	0.145182	0.758311	0.077313	0.164376	0.804562	0.014028	0.181410	0.785392	0.036297	0.178311	0.704789	0.143189	0.152022	0.576372	0.320670	0.102958	0.421932	0.529617	0.048451
0.600720	0.319308	0.079972	0.717718	0.237808	0.044474	0.797673	0.141340	0.060987	0.823759	0.062231	0.114010	0.790569	0.025537	0.183894	0.708102	0.047874	0.244024	0.597850	0.125578	0.276572	0.492212	0.231005	0.276783	0.415101	0.338415	0.246484	0.388430	0.408907	0.202663	0.425285	0.412090	0.162625	0.507778	0.349401	0.142821	0.621212	0.233885	0.144903	0.723623	0.111503	0.164874	0.787049	0.028121	0.184830	0.789791	0.019622	0.190587	0.727831	0.103363	0.168806	0.614465	0.259987	0.125548	0.467451	0.462660	0.069889	0.313878	0.661046	0.025076
0.698961	0.254698	0.046341	0.787326	0.162931	0.049743	0.829105	0.077219	0.093676	0.812155	0.029293	0.158552	0.742062	0.036204	0.221734	0.636530	0.100677	0.262793	0.522830	0.205708	0.271462	0.435686	0.314071	0.250243	0.390527	0.398313	0.211160	0.403660	0.425450	0.170890	0.475410	0.379037	0.145553	0.576507	0.279209	0.144284	0.686015	0.151796	0.162189	0.763740	0.049533	0.186727	0.787611	0.013050	0.199339	0.744934	0.067930	0.187136	0.642469	0.209082	0.148449	0.507952	0.399616	0.092432	0.358732	0.601198	0.040070	0.219901	0.762252	0.017847
0.780767	0.176691	0.042542	0.832207	0.090909	0.076884	0.828493	0.034080	0.137427	0.769943	0.028973	0.201084	0.671211	0.081674	0.247115	0.556956	0.179531	0.263513	0.454861	0.294651	0.250488	0.398361	0.385383	0.216256	0.391786	0.430724	0.177490	0.445391	0.405253	0.149356	0.542598	0.312473	0.144929	0.647320	0.192506	0.160174	0.736729	0.076087	0.187184	0.778176	0.015860	0.205964	0.756357	0.041356	0.202287	0.670171	0.160865	0.168964	0.538851	0.346600	0.114549	0.394486	0.547538	0.057976	0.252943	0.724683	0.022374	0.138089	0.826368	0.035543
0.831561	0.104841	0.063598	0.840313	0.042763	0.116924	0.795049	0.025100	0.179851	0.705429	0.064344	0.230227	0.593126	0.152951	0.253923	0.483772	0.267560	0.248668	0.409714	0.371015	0.219271	0.386688	0.429793	0.183519	0.420762	0.425549	0.153689	0.502552	0.352408	0.145040	0.609925	0.232011	0.158064	0.704080	0.111039	0.184881	0.762905	0.027586	0.209509	0.760448	0.024747	0.214805	0.695458	0.113561	0.190981	0.575167	0.286127	0.138706	0.429993	0.493337	0.076670	0.287602	0.680087	0.032311	0.166926	0.806412	0.026662	0.082049	0.834355	0.083596
0.848781	0.049735	0.101484	0.814799	0.023910	0.161291	0.733669	0.052653	0.213678	0.624564	0.130931	0.244505	0.512893	0.242042	0.245065	0.424855	0.353469	0.221676	0.387603	0.425719	0.186678	0.403342	0.438542	0.158116	0.471864	0.382678	0.145458	0.572028	0.272425	0.155547	0.673659	0.142768	0.183573	0.741830	0.046704	0.211466	0.759748	0.016836	0.223416	0.709782	0.081684	0.208534	0.607975	0.228915	0.163110	0.464115	0.436705	0.099180	0.317784	0.637763	0.044453	0.192038	0.782987	0.024975	0.098103	0.841159	0.060738	0.045765	0.786567	0.167668
0.829332	0.024154	0.146514	0.757068	0.043828	0.199104	0.651179	0.115534	0.233287	0.538511	0.220913	0.240576	0.442380	0.335186	0.222434	0.390976	0.419285	0.189739	0.392834	0.447599	0.159567	0.447529	0.406155	0.146316	0.537468	0.308764	0.153768	0.640544	0.179270	0.180186	0.721068	0.066030	0.212902	0.751393	0.016933	0.231674	0.720286	0.055255	0.224459	0.629172	0.185803	0.185025	0.499571	0.376156	0.124273	0.349861	0.589316	0.060823	0.213602	0.758391	0.028007	0.114150	0.838897	0.046953	0.052515	0.815788	0.131697	0.028044	0.687839	0.284117
0.778908	0.036119	0.184973	0.681872	0.097240	0.220888	0.566764	0.199414	0.233822	0.465171	0.312871	0.221958	0.398598	0.407967	0.193435	0.385430	0.451627	0.162943	0.425849	0.426854	0.147297	0.505769	0.343275	0.150956	0.605315	0.219600	0.175085	0.694191	0.096812	0.208997	0.739943	0.023606	0.236451	0.727059	0.034687	0.238254	0.654393	0.140012	0.205595	0.530862	0.320339	0.148799	0.389066	0.527876	0.083058	0.245357	0.718388	0.036255	0.133474	0.828913	0.037613	0.062443	0.835841	0.101716	0.028678	0.737660	0.233662	0.024871	0.555912	0.419217
0.700630	0.087410	0.211960	0.589406	0.183623	0.226971	0.482985	0.297737	0.219278	0.408604	0.397266	0.194130	0.383189	0.452252	0.164559	0.410683	0.442188	0.147129	0.482643	0.368000	0.149357	0.576479	0.251506	0.172015	0.666470	0.126105	0.207425	0.723274	0.036675	0.240051	0.725826	0.025365	0.248809	0.668749	0.104596	0.226655	0.557967	0.270470	0.171563	0.416606	0.479258	0.104136	0.276963	0.674796	0.048241	0.153944	0.812074	0.033982	0.071604	0.844296	0.084100	0.030552	0.771520	0.197928	0.020473	0.608968	0.370559	0.028852	0.399371	0.571777
0.615081	0.165109	0.219810	0.507649	0.275401	0.216950	0.422490	0.382339	0.195171	0.382089	0.449764	0.168147	0.395116	0.457142	0.147742	0.455895	0.396859	0.147246	0.545177	0.286059	0.168764	0.637322	0.160075	0.202603	0.703127	0.057709	0.239164	0.723210	0.019423	0.257367	0.681428	0.075525	0.243047	0.587665	0.214151	0.198184	0.454501	0.417042	0.128457	0.309976	0.624807	0.065217	0.184432	0.781051	0.034517	0.088316	0.847794	0.063890	0.035432	0.801993	0.162575	0.018172	0.663701	0.318127	0.022193	0.466273	0.511534	0.034382	0.258035	0.707583
0.526006	0.261136	0.212858	0.437567	0.367192	0.195241	0.385619	0.445451	0.168930	0.385241	0.466202	0.148557	0.434522	0.419709	0.145769	0.518198	0.317493	0.164309	0.610696	0.189265	0.200039	0.683772	0.079248	0.236980	0.714574	0.022191	0.263235	0.689757	0.051313	0.258930	0.605157	0.175760	0.219083	0.485432	0.359506	0.155062	0.342476	0.573158	0.084366	0.209431	0.749841	0.040728	0.107489	0.842362	0.050149	0.043002	0.825382	0.131616	0.017316	0.703710	0.278974	0.017341	0.519563	0.463096	0.027849	0.313185	0.658966	0.036850	0.137454	0.825696
0.450995	0.354877	0.194128	0.392470	0.438475	0.169055	0.379798	0.471553	0.148649	0.415474	0.440928	0.143598	0.491221	0.349285	0.159494	0.582056	0.223902	0.194042	0.661706	0.102130	0.236164	0.703408	0.030326	0.266266	0.694480	0.034208	0.271312	0.625437	0.133015	0.241548	0.509949	0.311030	0.179021	0.376918	0.514983	0.108099	0.239142	0.708731	0.052127	0.128280	0.828294	0.043426	0.055005	0.843908	0.101087	0.018968	0.746912	0.234120	0.013313	0.570170	0.416517	0.021791	0.368424	0.609785	0.031254	0.181010	0.787736	0.033851	0.063207	0.902942
0.396900	0.434336	0.168764	0.375163	0.475994	0.148843	0.402202	0.455660	0.142138	0.469247	0.374468	0.156285	0.556184	0.254124	0.189692	0.640592	0.127289	0.232119	0.690284	0.040610	0.269106	0.692350	0.026510	0.281140	0.640451	0.100538	0.259011	0.536859	0.260013	0.203128	0.400764	0.469769	0.129467	0.269118	0.664033	0.066849	0.148277	0.809312	0.042411	0.065930	0.851589	0.082481	0.022871	0.784137	0.192992	0.010711	0.619676	0.369613	0.017236	0.412051	0.570713	0.026640	0.221216	0.752144	0.031133	0.084499	0.884368	0.027271	0.039736	0.932993
0.374458	0.477445	0.148097	0.391172	0.468943	0.139885	0.448156	0.399569	0.152275	0.531044	0.285906	0.183050	0.615893	0.156614	0.227493	0.674626	0.057034	0.268340	0.687933	0.023174	0.288893	0.649795	0.074580	0.275625	0.560240	0.211493	0.228267	0.433886	0.410183	0.155931	0.294445	0.621582	0.083973	0.174819	0.779267	0.045914	0.081615	0.852411	0.065974	0.028528	0.812788	0.158684	0.009631	0.675328	0.315041	0.012317	0.470378	0.517305	0.022035	0.264297	0.713668	0.027480	0.112521	0.859999	0.025627	0.040888	0.933485	0.020802	0.070752	0.908446
0.383274	0.478330	0.138396	0.431947	0.419477	0.148576	0.509491	0.310829	0.179680	0.593128	0.184152	0.222720	0.657089	0.075152	0.267759	0.681310	0.024545	0.294145	0.652668	0.058630	0.288702	0.575842	0.174334	0.249824	0.459455	0.359818	0.180727	0.324038	0.570738	0.105224	0.195417	0.750874	0.053709	0.098966	0.845754	0.055280	0.036077	0.834046	0.129877	0.010149	0.715298	0.274553	0.008618	0.527802	0.463580	0.017444	0.311385	0.671171	0.023936	0.139068	0.836996	0.023461	0.048324	0.928215	0.018808	0.052677	0.928515	0.019265	0.148341	0.832394
0.416747	0.437644	0.145609	0.487071	0.339209	0.173720	0.569622	0.213216	0.217162	0.638280	0.098077	0.263643	0.672561	0.030477	0.296962	0.657469	0.042221	0.300310	0.589806	0.142402	0.267792	0.485372	0.309385	0.205243	0.356350	0.514008	0.129642	0.225420	0.707471	0.067109	0.117617	0.831098	0.051285	0.048575	0.849383	0.102042	0.012638	0.758342	0.229020	0.005947	0.582846	0.411207	0.012627	0.373767	0.613606	0.020426	0.179509	0.800065	0.021335	0.062343	0.916322	0.017384	0.040415	0.942201	0.015884	0.111021	0.873095	0.029119	0.250091	0.720790
0.469532	0.359589	0.170879	0.548532	0.239803	0.211665	0.619671	0.118687	0.261642	0.662453	0.039630	0.297917	0.656923	0.032828	0.310249	0.600972	0.113365	0.285663	0.503113	0.270829	0.226058	0.382462	0.465718	0.151820	0.252872	0.663716	0.083412	0.140098	0.808259	0.051643	0.058492	0.855976	0.085532	0.017496	0.793989	0.188515	0.004430	0.635888	0.359682	0.008914	0.426644	0.564442	0.016994	0.228117	0.754889	0.019515	0.083702	0.896783	0.015897	0.036190	0.947913	0.013351	0.083710	0.902939	0.022407	0.206603	0.770990	0.055364	0.362261	0.582375
