0.199556	0.317708	0.482736	0.316313	0.374757	0.308930	0.455752	0.378932	0.165316	0.594202	0.327768	0.078030	0.708943	0.236798	0.054259	0.778310	0.134172	0.087518	0.788405	0.054730	0.156865	0.742505	0.025511	0.231984	0.650984	0.056944	0.292072	0.540968	0.142350	0.316682	0.444671	0.254516	0.300813	0.393232	0.347666	0.259102	0.400173	0.396544	0.203283	0.467528	0.375337	0.157135	0.575246	0.292068	0.132686	0.695259	0.172462	0.132279	0.789971	0.064066	0.145963	0.832099	0.010552	0.157349	0.810261	0.035474	0.154265	0.721947	0.150813	0.127240
0.284770	0.360149	0.355081	0.417306	0.379745	0.202949	0.558660	0.344280	0.097060	0.682482	0.264799	0.052719	0.769985	0.163610	0.066405	0.800434	0.074141	0.125425	0.771118	0.027660	0.201222	0.694035	0.040164	0.265801	0.588060	0.109030	0.302910	0.480800	0.217186	0.302014	0.407248	0.324294	0.268458	0.390527	0.391091	0.218382	0.433955	0.396124	0.169921	0.528448	0.331991	0.139561	0.643966	0.222541	0.133493	0.751976	0.101738	0.146286	0.815143	0.022227	0.162630	0.816925	0.016509	0.166566	0.753647	0.098246	0.148107	0.631318	0.262224	0.106458
0.384388	0.374525	0.241087	0.521666	0.356404	0.121930	0.654540	0.287678	0.057782	0.754450	0.192361	0.053189	0.805229	0.097207	0.097564	0.795385	0.036216	0.168399	0.730753	0.030505	0.238742	0.631861	0.082852	0.285287	0.522079	0.180561	0.297360	0.430340	0.293666	0.275994	0.390255	0.380871	0.228874	0.408997	0.409029	0.181974	0.486383	0.366399	0.147218	0.596007	0.268424	0.135569	0.707488	0.146625	0.145887	0.790888	0.044871	0.164241	0.815002	0.010472	0.174526	0.775602	0.060201	0.164197	0.675358	0.194691	0.129951	0.530495	0.391821	0.077684
0.491583	0.361421	0.146996	0.625283	0.306665	0.068052	0.736948	0.216420	0.046632	0.803833	0.120015	0.076152	0.812226	0.048012	0.139762	0.763422	0.025567	0.211011	0.669824	0.064316	0.265860	0.560676	0.150165	0.289159	0.461139	0.261005	0.277856	0.398258	0.361883	0.239859	0.396350	0.411444	0.192206	0.450471	0.394079	0.155450	0.551201	0.309894	0.138905	0.664912	0.189312	0.145776	0.757838	0.077383	0.164779	0.804535	0.014057	0.181408	0.785857	0.035817	0.178326	0.705860	0.142914	0.151226	0.577360	0.319781	0.102859	0.421861	0.530045	0.048094
0.600864	0.318605	0.080531	0.718173	0.237656	0.044171	0.797225	0.142049	0.060726	0.823048	0.062207	0.114745	0.790869	0.025537	0.183594	0.708023	0.048052	0.243925	0.598607	0.125728	0.275665	0.491803	0.231945	0.276252	0.414816	0.338237	0.246947	0.388968	0.408353	0.202679	0.425698	0.411578	0.162724	0.508006	0.350262	0.141732	0.621395	0.233905	0.144700	0.724826	0.111409	0.163765	0.786727	0.028388	0.184885	0.789980	0.019386	0.190634	0.727280	0.103327	0.169393	0.613937	0.259968	0.126095	0.466735	0.463102	0.070163	0.315072	0.659939	0.024989
0.699948	0.254277	0.045775	0.788362	0.162869	0.048769	0.829237	0.077382	0.093381	0.812504	0.029019	0.158477	0.741823	0.036087	0.222090	0.636376	0.100970	0.262654	0.523856	0.205521	0.270623	0.435353	0.313515	0.251132	0.390759	0.397607	0.211634	0.404326	0.424943	0.170731	0.475266	0.378621	0.146113	0.575953	0.279568	0.144479	0.686116	0.151817	0.162067	0.764188	0.049312	0.186500	0.787700	0.013027	0.199273	0.744290	0.068142	0.187568	0.643965	0.208272	0.147763	0.508286	0.399036	0.092678	0.358174	0.601239	0.040587	0.218984	0.763028	0.017988
0.780729	0.176925	0.042346	0.831730	0.091270	0.077000	0.827376	0.034466	0.138158	0.769474	0.029112	0.201414	0.671294	0.081545	0.247161	0.556065	0.179370	0.264565	0.456166	0.294247	0.249587	0.397381	0.386125	0.216494	0.392451	0.429849	0.177700	0.445367	0.404603	0.150030	0.541542	0.313258	0.145200	0.646692	0.192733	0.160575	0.736092	0.076291	0.187617	0.777401	0.015935	0.206664	0.755725	0.041362	0.202913	0.669756	0.161590	0.168654	0.539227	0.347015	0.113758	0.393907	0.548498	0.057595	0.252752	0.724634	0.022614	0.138439	0.825602	0.035959
0.831071	0.105373	0.063556	0.840551	0.042613	0.116836	0.795296	0.025147	0.179557	0.705665	0.063999	0.230336	0.592879	0.152739	0.254382	0.484241	0.266995	0.248764	0.409989	0.370665	0.219346	0.386582	0.429579	0.183839	0.420181	0.425604	0.154215	0.502669	0.352111	0.145220	0.610714	0.231385	0.157901	0.703437	0.111772	0.184791	0.762552	0.027722	0.209726	0.760267	0.024952	0.214781	0.695569	0.113757	0.190674	0.574825	0.286573	0.138602	0.429346	0.493678	0.076976	0.288012	0.679685	0.032303	0.165610	0.807902	0.026488	0.081604	0.834711	0.083685
0.847964	0.049748	0.102288	0.814545	0.024084	0.161371	0.733824	0.052376	0.213800	0.623759	0.132276	0.243965	0.512841	0.242741	0.244418	0.425197	0.353234	0.221569	0.386863	0.426067	0.187070	0.403775	0.438275	0.157950	0.471626	0.383405	0.144969	0.571906	0.271873	0.156221	0.674150	0.143036	0.182814	0.742749	0.046321	0.210930	0.758258	0.016988	0.224754	0.709761	0.081750	0.208489	0.608259	0.228698	0.163043	0.464075	0.435906	0.100019	0.317207	0.638287	0.044506	0.192890	0.782539	0.024571	0.098659	0.840185	0.061156	0.045597	0.786922	0.167481
0.828912	0.024392	0.146696	0.758016	0.043487	0.198497	0.651151	0.115181	0.233668	0.538010	0.221914	0.240076	0.443062	0.335088	0.221850	0.389619	0.419352	0.191029	0.393255	0.446422	0.160323	0.446694	0.407357	0.145949	0.538818	0.307757	0.153425	0.640198	0.179770	0.180032	0.721052	0.066043	0.212905	0.750315	0.017119	0.232566	0.720000	0.055515	0.224485	0.629747	0.185548	0.184705	0.498690	0.377395	0.123915	0.349129	0.590052	0.060819	0.214345	0.757771	0.027884	0.114863	0.838057	0.047080	0.052213	0.815408	0.132379	0.027600	0.689013	0.283387
0.779469	0.036424	0.184107	0.681237	0.097248	0.221515	0.566624	0.199605	0.233771	0.465783	0.312467	0.221750	0.398443	0.408186	0.193371	0.385635	0.451416	0.162949	0.426887	0.426438	0.146675	0.506316	0.343036	0.150648	0.605344	0.219150	0.175506	0.693473	0.096693	0.209834	0.739974	0.023532	0.236494	0.727248	0.034383	0.238369	0.653024	0.139374	0.207602	0.531348	0.320357	0.148295	0.389810	0.526770	0.083420	0.245697	0.718513	0.035790	0.133431	0.828447	0.038122	0.062728	0.834196	0.103076	0.028717	0.737284	0.233999	0.024903	0.556017	0.419080
0.700808	0.087893	0.211299	0.590380	0.182380	0.227240	0.482737	0.297694	0.219569	0.408427	0.397493	0.194080	0.381693	0.453250	0.165057	0.409228	0.443909	0.146863	0.483197	0.367519	0.149284	0.575326	0.252307	0.172367	0.666594	0.126678	0.206728	0.723698	0.036422	0.239880	0.725903	0.025225	0.248872	0.669017	0.104594	0.226389	0.557090	0.271484	0.171426	0.417969	0.478281	0.103750	0.276105	0.675327	0.048568	0.153800	0.812036	0.034164	0.071476	0.844666	0.083858	0.030874	0.771450	0.197676	0.020484	0.609656	0.369860	0.029056	0.399632	0.571312
0.615349	0.164679	0.219972	0.508166	0.274605	0.217229	0.423999	0.381567	0.194434	0.382347	0.449984	0.167669	0.395241	0.456982	0.147777	0.455605	0.397469	0.146926	0.546486	0.285858	0.167656	0.637116	0.160108	0.202776	0.704212	0.056867	0.238921	0.723209	0.019563	0.257228	0.680381	0.076019	0.243600	0.587626	0.214190	0.198184	0.454365	0.416521	0.129114	0.310431	0.624546	0.065023	0.183770	0.781750	0.034480	0.088276	0.847958	0.063766	0.035572	0.801675	0.162753	0.018021	0.663854	0.318125	0.022536	0.465479	0.511985	0.034469	0.258218	0.707313
0.526219	0.260882	0.212899	0.437404	0.368719	0.193877	0.385328	0.446016	0.168656	0.385477	0.466464	0.148059	0.433903	0.421169	0.144928	0.517351	0.318173	0.164476	0.611000	0.188863	0.200137	0.682940	0.079033	0.238027	0.715659	0.022040	0.262301	0.689294	0.051379	0.259327	0.605372	0.175811	0.218817	0.485262	0.359315	0.155423	0.341830	0.573533	0.084637	0.208998	0.750549	0.040453	0.107747	0.841761	0.050492	0.042841	0.825530	0.131629	0.017615	0.703810	0.278575	0.017061	0.520535	0.462404	0.027560	0.312691	0.659749	0.036960	0.138644	0.824396
0.451516	0.354860	0.193624	0.391661	0.438485	0.169854	0.379577	0.471872	0.148551	0.415639	0.440764	0.143597	0.490943	0.350117	0.158940	0.582225	0.222861	0.194914	0.661651	0.102246	0.236103	0.704134	0.030217	0.265649	0.694271	0.034305	0.271424	0.626021	0.133049	0.240930	0.510967	0.310195	0.178838	0.377604	0.513974	0.108422	0.239996	0.708288	0.051716	0.127229	0.829295	0.043476	0.054849	0.844369	0.100782	0.018826	0.747305	0.233869	0.013423	0.570801	0.415776	0.021947	0.367130	0.610923	0.031548	0.180951	0.787501	0.033952	0.063558	0.902490
0.397917	0.433171	0.168912	0.375664	0.475891	0.148445	0.402382	0.455968	0.141650	0.468570	0.375856	0.155574	0.556473	0.253544	0.189983	0.639031	0.127616	0.233353	0.690137	0.040514	0.269349	0.692527	0.026600	0.280873	0.639521	0.100813	0.259666	0.535841	0.260617	0.203542	0.401158	0.470359	0.128483	0.267888	0.665231	0.066881	0.147880	0.810023	0.042097	0.065688	0.851442	0.082870	0.023046	0.783847	0.193107	0.010672	0.620219	0.369109	0.017020	0.412582	0.570398	0.026472	0.221772	0.751756	0.030803	0.084175	0.885022	0.027639	0.040153	0.932208
0.373902	0.477732	0.148366	0.391162	0.468328	0.140510	0.448233	0.400088	0.151679	0.529862	0.285943	0.184195	0.615112	0.157460	0.227428	0.674432	0.057150	0.268418	0.688319	0.023453	0.288228	0.649695	0.074318	0.275987	0.560203	0.211066	0.228731	0.434434	0.410047	0.155519	0.294319	0.621376	0.084305	0.175607	0.778727	0.045666	0.081864	0.851965	0.066171	0.028547	0.812208	0.159245	0.009829	0.674889	0.315282	0.012390	0.470186	0.517424	0.022037	0.264266	0.713697	0.027310	0.112372	0.860318	0.025782	0.041121	0.933097	0.020600	0.070907	0.908493
0.383061	0.478457	0.138482	0.431932	0.419060	0.149008	0.508935	0.311585	0.179480	0.592619	0.184109	0.223272	0.657026	0.074894	0.268080	0.681082	0.024755	0.294163	0.652470	0.058081	0.289449	0.575728	0.174862	0.249410	0.459929	0.359453	0.180618	0.324505	0.570349	0.105146	0.195198	0.751072	0.053730	0.099536	0.844846	0.055618	0.036441	0.834036	0.129523	0.009896	0.715734	0.274370	0.008355	0.528062	0.463583	0.017374	0.311875	0.670751	0.024067	0.139666	0.836267	0.023398	0.048704	0.927898	0.018942	0.051922	0.929136	0.019275	0.147892	0.832833
0.417524	0.437108	0.145368	0.487052	0.340321	0.172627	0.569533	0.212973	0.217494	0.638281	0.097408	0.264311	0.672570	0.030488	0.296942	0.656938	0.042305	0.300757	0.589913	0.142388	0.267699	0.486101	0.309069	0.204830	0.355332	0.515109	0.129559	0.225765	0.707184	0.067051	0.117493	0.831607	0.050900	0.048102	0.849858	0.102040	0.012871	0.759042	0.228087	0.005956	0.583408	0.410636	0.012807	0.375030	0.612163	0.020487	0.180093	0.799420	0.021467	0.061995	0.916538	0.017444	0.040219	0.942337	0.015726	0.110972	0.873302	0.028801	0.249565	0.721634
0.470383	0.359841	0.169776	0.548456	0.239278	0.212266	0.621396	0.117922	0.260682	0.661156	0.039912	0.298932	0.657045	0.032422	0.310533	0.601420	0.113197	0.285383	0.501193	0.272483	0.226324	0.381155	0.466866	0.151979	0.252628	0.663749	0.083623	0.138917	0.809231	0.051852	0.058732	0.856016	0.085252	0.017470	0.794519	0.188011	0.004533	0.634981	0.360486	0.009016	0.426963	0.564021	0.016760	0.227812	0.755428	0.019655	0.083362	0.896983	0.015727	0.036390	0.947883	0.013147	0.084296	0.902557	0.022393	0.206323	0.771284	0.055178	0.362025	0.582797
