0.200241	0.318039	0.481720	0.316747	0.374813	0.308440	0.455514	0.378913	0.165573	0.593000	0.328996	0.078004	0.708637	0.237403	0.053960	0.779054	0.133669	0.087277	0.789099	0.054263	0.156638	0.742926	0.025212	0.231862	0.652268	0.056120	0.291612	0.540928	0.141959	0.317113	0.443508	0.254514	0.301978	0.393968	0.347359	0.258673	0.400166	0.395887	0.203947	0.467485	0.375242	0.157273	0.574164	0.292507	0.133329	0.696646	0.171757	0.131597	0.790220	0.064272	0.145508	0.831520	0.010450	0.158030	0.809892	0.035498	0.154610	0.722575	0.150599	0.126826
0.286294	0.358002	0.355704	0.416806	0.379187	0.204007	0.557730	0.345193	0.097077	0.682665	0.265247	0.052088	0.768210	0.164497	0.067293	0.800940	0.074225	0.124835	0.771424	0.027766	0.200810	0.695320	0.040374	0.264306	0.588131	0.109355	0.302514	0.481344	0.216805	0.301851	0.407227	0.324892	0.267881	0.390274	0.391306	0.218420	0.434194	0.395734	0.170072	0.528887	0.331589	0.139524	0.643535	0.223037	0.133428	0.751879	0.101582	0.146539	0.814968	0.022467	0.162565	0.817000	0.016715	0.166285	0.753872	0.098751	0.147377	0.632272	0.261922	0.105806
0.384244	0.375233	0.240523	0.521265	0.355845	0.122890	0.653969	0.288154	0.057877	0.753400	0.193053	0.053547	0.804694	0.097591	0.097715	0.795012	0.036166	0.168822	0.730345	0.030654	0.239001	0.632076	0.082407	0.285517	0.521617	0.180656	0.297727	0.431417	0.293453	0.275130	0.389500	0.380632	0.229868	0.409255	0.407898	0.182847	0.485537	0.367675	0.146788	0.595779	0.267587	0.136634	0.707045	0.147326	0.145629	0.789574	0.045315	0.165111	0.814306	0.010462	0.175232	0.774997	0.060081	0.164922	0.674621	0.194895	0.130484	0.529855	0.392090	0.078055
0.491421	0.361976	0.146603	0.625881	0.306493	0.067626	0.737198	0.216149	0.046653	0.803663	0.120276	0.076061	0.812946	0.047963	0.139091	0.762965	0.025452	0.211583	0.670472	0.063736	0.265792	0.561048	0.150264	0.288688	0.461060	0.261129	0.277811	0.398860	0.361384	0.239756	0.395132	0.412407	0.192461	0.449904	0.394611	0.155485	0.549889	0.310538	0.139573	0.664992	0.189888	0.145120	0.758176	0.077535	0.164289	0.804737	0.014020	0.181243	0.785152	0.036251	0.178597	0.705798	0.142915	0.151287	0.577536	0.320024	0.102440	0.421569	0.530252	0.048179
0.600683	0.319335	0.079982	0.718194	0.237686	0.044120	0.797402	0.141434	0.061164	0.823318	0.062462	0.114220	0.790683	0.025364	0.183953	0.708533	0.047716	0.243751	0.598363	0.125408	0.276229	0.492010	0.231381	0.276609	0.414324	0.339300	0.246376	0.388924	0.408649	0.202427	0.424921	0.412579	0.162500	0.508490	0.348810	0.142700	0.620519	0.234569	0.144912	0.723505	0.112150	0.164345	0.786588	0.028510	0.184902	0.790308	0.019579	0.190113	0.727014	0.102816	0.170170	0.613835	0.259844	0.126321	0.467755	0.462226	0.070019	0.314741	0.660410	0.024849
0.698704	0.255251	0.046045	0.787713	0.162982	0.049305	0.828825	0.077412	0.093763	0.812802	0.028854	0.158344	0.741619	0.035873	0.222508	0.635925	0.101020	0.263055	0.523351	0.204316	0.272333	0.435404	0.314374	0.250222	0.391033	0.397873	0.211094	0.404367	0.424615	0.171018	0.475471	0.378408	0.146121	0.575568	0.279511	0.144921	0.686559	0.151431	0.162010	0.764857	0.048971	0.186172	0.787501	0.012915	0.199584	0.745106	0.067570	0.187324	0.643106	0.208945	0.147949	0.508013	0.398829	0.093158	0.358287	0.600875	0.040838	0.219557	0.762409	0.018034
0.781117	0.176679	0.042204	0.831510	0.091389	0.077101	0.828272	0.034411	0.137317	0.770151	0.029390	0.200459	0.670630	0.082098	0.247272	0.556708	0.179773	0.263519	0.456078	0.293802	0.250120	0.398333	0.385446	0.216221	0.391747	0.430856	0.177397	0.444504	0.405460	0.150036	0.541421	0.313667	0.144912	0.646822	0.192519	0.160659	0.737342	0.075689	0.186969	0.777406	0.015910	0.206684	0.756104	0.041264	0.202632	0.669363	0.161278	0.169359	0.539258	0.346302	0.114440	0.393678	0.548681	0.057641	0.252233	0.725212	0.022555	0.138343	0.825729	0.035928
0.831008	0.105604	0.063388	0.840115	0.043006	0.116879	0.795044	0.025085	0.179871	0.706494	0.064056	0.229450	0.592833	0.152706	0.254461	0.483658	0.267655	0.248687	0.409375	0.371534	0.219091	0.385949	0.430145	0.183906	0.420220	0.425805	0.153975	0.503159	0.352158	0.144683	0.610782	0.231516	0.157702	0.704297	0.111368	0.184335	0.762287	0.027697	0.210016	0.760708	0.024801	0.214491	0.694659	0.113804	0.191537	0.575017	0.286669	0.138314	0.428639	0.494243	0.077118	0.288772	0.678896	0.032332	0.167026	0.806560	0.026414	0.081469	0.834156	0.084375
0.848424	0.050229	0.101347	0.815053	0.023797	0.161150	0.732359	0.052493	0.215148	0.624640	0.130882	0.244478	0.511694	0.242739	0.245567	0.425877	0.352804	0.221319	0.387197	0.426074	0.186729	0.403244	0.438610	0.158146	0.472308	0.383027	0.144665	0.572483	0.272218	0.155299	0.675347	0.141258	0.183395	0.742143	0.046480	0.211377	0.758420	0.017009	0.224571	0.710467	0.081285	0.208248	0.607519	0.229520	0.162961	0.464688	0.435957	0.099355	0.316778	0.638955	0.044267	0.192251	0.782926	0.024823	0.098757	0.840231	0.061012	0.045677	0.786552	0.167771
0.829019	0.024181	0.146800	0.757778	0.043357	0.198865	0.650949	0.115135	0.233916	0.538119	0.221901	0.239980	0.443373	0.335086	0.221541	0.389664	0.420324	0.190012	0.392923	0.447077	0.160000	0.445973	0.407907	0.146120	0.538202	0.308592	0.153206	0.640498	0.179375	0.180127	0.720965	0.065686	0.213349	0.751056	0.017171	0.231773	0.719878	0.055436	0.224686	0.629242	0.185808	0.184950	0.499365	0.376398	0.124237	0.348416	0.591016	0.060568	0.214190	0.757941	0.027869	0.114164	0.838597	0.047239	0.051986	0.815350	0.132664	0.027804	0.688124	0.284072
0.778351	0.036393	0.185256	0.681374	0.097160	0.221466	0.567092	0.199478	0.233430	0.465276	0.313091	0.221633	0.398307	0.408278	0.193415	0.385430	0.451324	0.163246	0.426669	0.426947	0.146384	0.505576	0.343522	0.150902	0.604710	0.219596	0.175694	0.693841	0.097129	0.209030	0.739023	0.023618	0.237359	0.726914	0.034549	0.238537	0.652574	0.140288	0.207138	0.531588	0.319914	0.148498	0.388843	0.528196	0.082961	0.245804	0.718255	0.035941	0.133462	0.828896	0.037642	0.063030	0.834173	0.102797	0.028634	0.738100	0.233266	0.024842	0.555719	0.419439
0.701524	0.087381	0.211095	0.590390	0.182661	0.226949	0.483287	0.298098	0.218615	0.409161	0.396959	0.193880	0.382283	0.452909	0.164808	0.409970	0.442986	0.147044	0.482592	0.367561	0.149847	0.576188	0.251815	0.171997	0.665648	0.126378	0.207974	0.723551	0.036863	0.239586	0.725775	0.025175	0.249050	0.669261	0.104498	0.226241	0.557772	0.269975	0.172253	0.417357	0.479273	0.103370	0.276141	0.675626	0.048233	0.153932	0.811990	0.034078	0.071995	0.844178	0.083827	0.030810	0.771365	0.197825	0.020416	0.610785	0.368799	0.029072	0.400061	0.570867
0.614567	0.164596	0.220837	0.507604	0.275828	0.216568	0.423386	0.382082	0.194532	0.381900	0.450794	0.167306	0.394909	0.457430	0.147661	0.456185	0.396687	0.147128	0.546230	0.285954	0.167816	0.636287	0.160940	0.202773	0.703875	0.057188	0.238937	0.723494	0.019708	0.256798	0.680707	0.076057	0.243236	0.588787	0.213226	0.197987	0.453081	0.417679	0.129240	0.309996	0.625046	0.064958	0.184378	0.781038	0.034584	0.088030	0.847732	0.064238	0.035457	0.801902	0.162641	0.018341	0.664046	0.317613	0.022384	0.466412	0.511204	0.034443	0.257918	0.707639
0.526164	0.260645	0.213191	0.436886	0.367876	0.195238	0.385032	0.446611	0.168357	0.385354	0.466631	0.148015	0.434339	0.420948	0.144713	0.518305	0.317027	0.164668	0.611033	0.188911	0.200056	0.683011	0.078947	0.238042	0.714764	0.022356	0.262880	0.690613	0.051334	0.258053	0.605896	0.175565	0.218539	0.484911	0.359704	0.155385	0.341594	0.573593	0.084813	0.209050	0.750357	0.040593	0.107471	0.842480	0.050049	0.043123	0.825250	0.131627	0.017458	0.703984	0.278558	0.017364	0.519425	0.463211	0.028119	0.312526	0.659355	0.036861	0.137356	0.825783
0.450964	0.354961	0.194075	0.391230	0.438637	0.170133	0.379136	0.471743	0.149121	0.415628	0.441321	0.143051	0.491201	0.349225	0.159574	0.581850	0.223293	0.194857	0.661754	0.102113	0.236133	0.703734	0.030250	0.266016	0.693875	0.034300	0.271825	0.627288	0.131936	0.240776	0.511745	0.309852	0.178403	0.376738	0.515188	0.108074	0.239704	0.708369	0.051927	0.127618	0.828704	0.043678	0.054651	0.843703	0.101646	0.018803	0.747206	0.233991	0.013637	0.569684	0.416679	0.021810	0.367984	0.610206	0.031371	0.181539	0.787090	0.034146	0.063366	0.902488
0.397662	0.432842	0.169496	0.376217	0.474939	0.148844	0.402342	0.456033	0.141625	0.468194	0.375723	0.156083	0.556662	0.253925	0.189413	0.639750	0.127823	0.232427	0.691369	0.040370	0.268261	0.692374	0.026639	0.280987	0.639511	0.100968	0.259521	0.535880	0.259810	0.204310	0.401903	0.469780	0.128317	0.268233	0.664984	0.066783	0.148300	0.809442	0.042258	0.065760	0.852555	0.081685	0.023083	0.784034	0.192883	0.010632	0.620068	0.369300	0.016954	0.412499	0.570547	0.026610	0.221752	0.751638	0.030974	0.084503	0.884523	0.027398	0.039685	0.932917
0.375602	0.475979	0.148419	0.391627	0.468274	0.140099	0.447752	0.400288	0.151960	0.530274	0.285864	0.183862	0.614855	0.157524	0.227621	0.673677	0.057094	0.269229	0.687809	0.023435	0.288756	0.649323	0.074696	0.275981	0.560941	0.211425	0.227634	0.433862	0.409596	0.156542	0.295095	0.621118	0.083787	0.174916	0.778983	0.046101	0.081856	0.852344	0.065800	0.028564	0.812655	0.158781	0.009744	0.675579	0.314677	0.012345	0.469769	0.517886	0.022026	0.264486	0.713488	0.027315	0.112242	0.860443	0.025700	0.040864	0.933436	0.020743	0.070337	0.908920
0.383060	0.477376	0.139564	0.431835	0.419424	0.148741	0.508760	0.312074	0.179166	0.592034	0.183968	0.223998	0.657305	0.075405	0.267290	0.681396	0.024641	0.293963	0.653275	0.058356	0.288369	0.576408	0.174578	0.249014	0.458837	0.360108	0.181055	0.324424	0.570843	0.104733	0.194935	0.751667	0.053398	0.099614	0.844630	0.055756	0.036032	0.834164	0.129804	0.010155	0.715518	0.274327	0.008495	0.527749	0.463756	0.017343	0.311706	0.670951	0.023803	0.139391	0.836806	0.023431	0.048235	0.928334	0.018663	0.051575	0.929762	0.019381	0.148463	0.832156
0.416815	0.437653	0.145532	0.488101	0.338236	0.173663	0.570437	0.212668	0.216895	0.637851	0.097896	0.264253	0.672504	0.030534	0.296962	0.656929	0.041691	0.301380	0.590076	0.142660	0.267264	0.485040	0.309154	0.205806	0.354779	0.515409	0.129812	0.226033	0.706937	0.067030	0.117448	0.831176	0.051376	0.048518	0.850147	0.101335	0.012905	0.759361	0.227734	0.005850	0.581930	0.412220	0.012826	0.373915	0.613259	0.020535	0.179885	0.799580	0.021412	0.061832	0.916756	0.017590	0.040433	0.941977	0.015982	0.111042	0.872976	0.029121	0.249709	0.721170
0.470366	0.360076	0.169558	0.547648	0.239416	0.212936	0.620054	0.118908	0.261038	0.661369	0.040055	0.298576	0.657900	0.032607	0.309493	0.601345	0.113614	0.285041	0.502504	0.271289	0.226207	0.381016	0.466750	0.152234	0.252619	0.663943	0.083438	0.139837	0.808466	0.051697	0.058656	0.855932	0.085412	0.017350	0.793827	0.188823	0.004486	0.635165	0.360349	0.009134	0.426265	0.564601	0.017080	0.227786	0.755134	0.019563	0.083611	0.896826	0.015814	0.036030	0.948156	0.013296	0.083281	0.903423	0.022509	0.205490	0.772001	0.055569	0.362553	0.581878
