0.199380	0.317443	0.483177	0.316344	0.375008	0.308648	0.455218	0.378998	0.165784	0.593993	0.328177	0.077830	0.709003	0.236971	0.054026	0.778160	0.133961	0.087879	0.788284	0.054726	0.156990	0.742487	0.025562	0.231951	0.652476	0.056296	0.291228	0.540766	0.142697	0.316537	0.444045	0.254393	0.301562	0.393005	0.347873	0.259122	0.400227	0.396586	0.203187	0.468022	0.374627	0.157351	0.573392	0.293487	0.133121	0.695840	0.171610	0.132550	0.789558	0.064525	0.145917	0.832032	0.010583	0.157385	0.810151	0.035140	0.154709	0.723072	0.150269	0.126659
0.285282	0.360052	0.354666	0.416689	0.379453	0.203858	0.557939	0.344697	0.097364	0.682266	0.265003	0.052731	0.769185	0.163652	0.067163	0.800846	0.074348	0.124806	0.771287	0.027930	0.200783	0.694823	0.040362	0.264815	0.588024	0.109196	0.302780	0.480721	0.217030	0.302249	0.407025	0.325032	0.267943	0.389722	0.391468	0.218810	0.434520	0.395312	0.170168	0.528867	0.331055	0.140078	0.643941	0.222978	0.133081	0.751735	0.101777	0.146488	0.815522	0.022184	0.162294	0.816540	0.016767	0.166693	0.753982	0.098292	0.147726	0.632361	0.262098	0.105541
0.384121	0.374553	0.241326	0.521980	0.355114	0.122906	0.654035	0.288632	0.057333	0.754552	0.192067	0.053381	0.804436	0.097748	0.097816	0.795698	0.036085	0.168217	0.731222	0.030715	0.238063	0.631747	0.082790	0.285463	0.520990	0.180483	0.298527	0.430811	0.293118	0.276071	0.390101	0.380336	0.229563	0.409026	0.408416	0.182558	0.485716	0.367080	0.147204	0.596106	0.267437	0.136457	0.707549	0.146541	0.145910	0.791139	0.044529	0.164332	0.815060	0.010233	0.174707	0.775045	0.059768	0.165187	0.674153	0.195555	0.130292	0.529773	0.392223	0.078004
0.491934	0.361650	0.146416	0.625091	0.306667	0.068242	0.737398	0.215930	0.046672	0.803108	0.120224	0.076668	0.812335	0.047969	0.139696	0.763083	0.025699	0.211218	0.670787	0.063850	0.265363	0.561853	0.149437	0.288710	0.461094	0.261625	0.277281	0.399064	0.361525	0.239411	0.395413	0.411731	0.192856	0.449955	0.394491	0.155554	0.550392	0.310929	0.138679	0.664822	0.189922	0.145256	0.757891	0.077656	0.164453	0.805151	0.014073	0.180776	0.785296	0.036025	0.178679	0.705168	0.143194	0.151638	0.577332	0.320282	0.102386	0.421869	0.530117	0.048014
0.600363	0.319000	0.080637	0.717741	0.237821	0.044438	0.797319	0.141956	0.060725	0.823543	0.062179	0.114278	0.790235	0.025675	0.184090	0.707825	0.047993	0.244182	0.597613	0.125328	0.277059	0.492186	0.232080	0.275734	0.414291	0.338391	0.247318	0.389309	0.408074	0.202617	0.424901	0.413284	0.161815	0.507922	0.349327	0.142751	0.620728	0.233948	0.145324	0.724103	0.111633	0.164264	0.786596	0.028404	0.185000	0.790388	0.019711	0.189901	0.725923	0.103512	0.170565	0.614111	0.259500	0.126389	0.468381	0.461258	0.070361	0.314200	0.660315	0.025485
0.699315	0.254704	0.045981	0.788611	0.162314	0.049075	0.829485	0.076883	0.093632	0.813732	0.028931	0.157337	0.742241	0.036062	0.221697	0.637098	0.100636	0.262266	0.523825	0.205352	0.270823	0.435328	0.314404	0.250268	0.390686	0.398603	0.210711	0.403747	0.424857	0.171396	0.475007	0.378512	0.146481	0.575177	0.279826	0.144997	0.685262	0.152483	0.162255	0.763155	0.049170	0.187675	0.787983	0.012892	0.199125	0.744747	0.067709	0.187544	0.644396	0.208264	0.147340	0.508819	0.398182	0.092999	0.357644	0.601947	0.040409	0.218913	0.763219	0.017868
0.780688	0.176731	0.042581	0.831583	0.091414	0.077003	0.827473	0.034671	0.137856	0.769795	0.029640	0.200565	0.671147	0.081742	0.247111	0.556423	0.179496	0.264081	0.455523	0.294513	0.249964	0.397838	0.386017	0.216145	0.392915	0.429902	0.177183	0.444427	0.405359	0.150214	0.542049	0.313461	0.144490	0.646663	0.192971	0.160366	0.737314	0.075880	0.186806	0.778093	0.016004	0.205903	0.756692	0.041143	0.202165	0.669738	0.161248	0.169014	0.539495	0.346623	0.113882	0.394795	0.547361	0.057844	0.253271	0.724460	0.022269	0.138787	0.825288	0.035925
0.831482	0.105396	0.063122	0.840458	0.042389	0.117153	0.794354	0.025289	0.180357	0.706066	0.064584	0.229350	0.593639	0.153233	0.253128	0.482693	0.267881	0.249426	0.409779	0.370053	0.220168	0.386942	0.429430	0.183628	0.419513	0.425038	0.155449	0.503246	0.352201	0.144553	0.610546	0.230690	0.158764	0.705736	0.110614	0.183650	0.762374	0.027552	0.210074	0.760065	0.024849	0.215086	0.694966	0.113784	0.191250	0.574477	0.287113	0.138410	0.429643	0.493187	0.077170	0.288489	0.679288	0.032223	0.165866	0.807611	0.026523	0.082444	0.833294	0.084262
0.848039	0.049853	0.102108	0.814857	0.023798	0.161345	0.733827	0.052234	0.213939	0.623909	0.131479	0.244612	0.512652	0.242789	0.244559	0.426116	0.352155	0.221729	0.387284	0.425423	0.187293	0.403652	0.438272	0.158076	0.471102	0.382804	0.146094	0.571464	0.272718	0.155818	0.674265	0.142058	0.183677	0.742274	0.046269	0.211457	0.758836	0.016983	0.224181	0.710491	0.081216	0.208293	0.607390	0.228874	0.163736	0.463467	0.437463	0.099070	0.317699	0.637978	0.044323	0.192628	0.782718	0.024654	0.098440	0.840697	0.060863	0.045711	0.787216	0.167073
0.829178	0.023959	0.146863	0.758103	0.043224	0.198673	0.650957	0.115568	0.233475	0.538460	0.221211	0.240329	0.442958	0.335295	0.221747	0.389069	0.420646	0.190285	0.393005	0.446668	0.160327	0.447616	0.406220	0.146164	0.537963	0.308758	0.153279	0.640089	0.179357	0.180554	0.720899	0.066202	0.212899	0.750843	0.017183	0.231974	0.721463	0.055412	0.223125	0.630174	0.184993	0.184833	0.499747	0.376024	0.124229	0.348253	0.590836	0.060911	0.214757	0.757445	0.027798	0.114793	0.838189	0.047018	0.052788	0.815019	0.132193	0.028167	0.687805	0.284028
0.778748	0.036394	0.184858	0.681704	0.097275	0.221021	0.566415	0.199364	0.234221	0.465385	0.312805	0.221810	0.399012	0.408206	0.192782	0.385003	0.451456	0.163541	0.426260	0.427186	0.146554	0.506161	0.343501	0.150338	0.604879	0.219620	0.175501	0.692820	0.096707	0.210473	0.739983	0.023710	0.236307	0.727150	0.034499	0.238351	0.652666	0.140255	0.207079	0.531725	0.319952	0.148323	0.389544	0.527569	0.082887	0.244613	0.719347	0.036040	0.132776	0.829023	0.038201	0.062897	0.834855	0.102248	0.028574	0.737069	0.234357	0.024769	0.556656	0.418575
0.701595	0.087016	0.211389	0.589757	0.182659	0.227584	0.483331	0.297891	0.218778	0.408859	0.397413	0.193728	0.380932	0.453933	0.165135	0.409501	0.443463	0.147036	0.482497	0.367590	0.149913	0.575667	0.252692	0.171641	0.665493	0.126775	0.207732	0.724422	0.036733	0.238845	0.726616	0.025231	0.248153	0.668760	0.104657	0.226583	0.557634	0.270504	0.171862	0.417620	0.478738	0.103642	0.277336	0.674150	0.048514	0.153053	0.812823	0.034124	0.071720	0.844354	0.083926	0.030775	0.771441	0.197784	0.020550	0.610315	0.369135	0.029096	0.399293	0.571611
0.615269	0.164422	0.220309	0.507999	0.275682	0.216319	0.423357	0.381648	0.194995	0.383205	0.449661	0.167134	0.395192	0.457443	0.147365	0.455554	0.397123	0.147323	0.545664	0.286496	0.167840	0.636409	0.161012	0.202579	0.704879	0.056990	0.238131	0.722730	0.019564	0.257706	0.680919	0.075301	0.243780	0.587506	0.213830	0.198664	0.454069	0.416746	0.129185	0.310261	0.625049	0.064690	0.184846	0.780475	0.034679	0.088838	0.847437	0.063725	0.035468	0.801442	0.163090	0.018299	0.663551	0.318150	0.022602	0.466426	0.510972	0.034410	0.258527	0.707063
0.525909	0.260618	0.213473	0.436468	0.368228	0.195304	0.385433	0.446407	0.168160	0.385001	0.466269	0.148730	0.434163	0.420898	0.144939	0.518457	0.317743	0.163800	0.610087	0.189645	0.200268	0.682723	0.078872	0.238405	0.714921	0.021867	0.263212	0.689616	0.051342	0.259042	0.605779	0.175727	0.218494	0.485767	0.359670	0.154563	0.342447	0.573127	0.084426	0.209433	0.749630	0.040937	0.108040	0.841918	0.050042	0.042890	0.825627	0.131483	0.017501	0.703322	0.279177	0.017448	0.520564	0.461988	0.028140	0.313162	0.658698	0.036951	0.137721	0.825328
0.451257	0.354674	0.194069	0.391518	0.438245	0.170237	0.379007	0.472007	0.148986	0.416140	0.440961	0.142899	0.490458	0.350055	0.159487	0.582479	0.223735	0.193786	0.662677	0.101799	0.235524	0.702677	0.030603	0.266720	0.694766	0.034778	0.270456	0.626989	0.132534	0.240477	0.510534	0.310485	0.178981	0.376744	0.515183	0.108073	0.238513	0.709955	0.051532	0.128020	0.828262	0.043718	0.054879	0.843962	0.101159	0.018824	0.746762	0.234414	0.013389	0.570674	0.415937	0.021885	0.366850	0.611265	0.031728	0.181394	0.786878	0.034267	0.063335	0.902398
0.397132	0.433754	0.169114	0.375673	0.475589	0.148738	0.402738	0.455221	0.142041	0.467994	0.376248	0.155758	0.556452	0.254279	0.189269	0.638179	0.128512	0.233309	0.690828	0.040618	0.268554	0.692081	0.026711	0.281208	0.639722	0.101080	0.259198	0.536608	0.259838	0.203554	0.400405	0.470519	0.129076	0.267713	0.665377	0.066910	0.148860	0.808985	0.042155	0.065510	0.852063	0.082427	0.022759	0.784473	0.192768	0.010817	0.619496	0.369687	0.016974	0.412466	0.570560	0.026523	0.221164	0.752313	0.030671	0.083987	0.885342	0.027235	0.040277	0.932488
0.374618	0.477115	0.148267	0.391077	0.468097	0.140826	0.448634	0.399673	0.151693	0.530715	0.285413	0.183872	0.614514	0.157634	0.227852	0.674175	0.056738	0.269087	0.688391	0.023339	0.288270	0.650696	0.074217	0.275087	0.560820	0.211376	0.227804	0.433685	0.410148	0.156167	0.294161	0.621945	0.083894	0.174900	0.779056	0.046044	0.081726	0.851931	0.066343	0.028746	0.813020	0.158234	0.009564	0.675306	0.315130	0.012268	0.469779	0.517953	0.021901	0.264581	0.713518	0.027342	0.112106	0.860552	0.025480	0.041213	0.933307	0.020917	0.071053	0.908030
0.383019	0.477906	0.139075	0.431783	0.419210	0.149007	0.509648	0.311400	0.178952	0.591709	0.184587	0.223704	0.656985	0.075762	0.267253	0.681339	0.024417	0.294244	0.653450	0.058471	0.288079	0.576430	0.174511	0.249059	0.459967	0.359975	0.180058	0.324795	0.570159	0.105046	0.195453	0.750879	0.053668	0.099072	0.845210	0.055718	0.036159	0.833925	0.129916	0.009871	0.715928	0.274201	0.008378	0.527174	0.464448	0.017210	0.311327	0.671463	0.023900	0.139374	0.836726	0.023625	0.049072	0.927303	0.018906	0.052278	0.928816	0.019265	0.148249	0.832486
0.416527	0.437850	0.145623	0.487127	0.339158	0.173715	0.571014	0.211982	0.217004	0.637948	0.097164	0.264888	0.672624	0.030208	0.297168	0.656514	0.042307	0.301179	0.589532	0.142974	0.267494	0.485582	0.308870	0.205548	0.356084	0.514440	0.129476	0.225702	0.707264	0.067034	0.117287	0.831337	0.051376	0.048348	0.850103	0.101549	0.012670	0.759260	0.228070	0.005868	0.583641	0.410491	0.012655	0.374542	0.612803	0.020701	0.180071	0.799228	0.021611	0.062274	0.916115	0.017254	0.040204	0.942542	0.015902	0.110913	0.873185	0.029007	0.249585	0.721408
0.469308	0.360930	0.169762	0.548577	0.238242	0.213181	0.620214	0.118662	0.261124	0.662183	0.039396	0.298421	0.656720	0.032573	0.310707	0.601267	0.113082	0.285651	0.502472	0.270605	0.226923	0.380789	0.466817	0.152394	0.252543	0.664250	0.083207	0.139711	0.808000	0.052289	0.058789	0.855891	0.085320	0.017162	0.793889	0.188949	0.004293	0.635297	0.360410	0.009072	0.425984	0.564944	0.016835	0.227471	0.755694	0.019487	0.082973	0.897540	0.015977	0.036162	0.947861	0.013308	0.083086	0.903606	0.022585	0.205873	0.771542	0.055434	0.362841	0.581725
