0.302490	0.455530	0.241980	0.305650	0.454540	0.239810	0.308780	0.455570	0.235650	0.311500	0.454260	0.234240	0.315560	0.454060	0.230380	0.321310	0.450060	0.228630	0.323430	0.451680	0.224890	0.322330	0.453670	0.224000	0.329900	0.448730	0.221370	0.334130	0.449090	0.216780	0.331660	0.451750	0.216590	0.340220	0.446210	0.213570	0.340380	0.447190	0.212430	0.344230	0.443260	0.212510	0.345000	0.446350	0.208650	0.343530	0.448370	0.208100	0.346240	0.443090	0.210670	0.346020	0.443760	0.210220	0.348120	0.442910	0.208970	0.347600	0.444030	0.208370
0.302410	0.490390	0.207200	0.301740	0.490480	0.207780	0.304520	0.490510	0.204970	0.303760	0.491900	0.204340	0.310960	0.489200	0.199840	0.312510	0.487830	0.199660	0.312970	0.486890	0.200140	0.316840	0.485440	0.197720	0.317800	0.484310	0.197890	0.322990	0.484740	0.192270	0.321880	0.483360	0.194760	0.326530	0.482920	0.190550	0.329820	0.482040	0.188140	0.328140	0.481410	0.190450	0.330690	0.480660	0.188650	0.333430	0.478350	0.188220	0.336350	0.478330	0.185320	0.333850	0.479590	0.186560	0.334030	0.479690	0.186280	0.334720	0.478300	0.186980
0.294340	0.528620	0.177040	0.292000	0.533380	0.174620	0.296330	0.528910	0.174760	0.297620	0.528570	0.173810	0.303150	0.525240	0.171610	0.306950	0.522830	0.170220	0.302050	0.528190	0.169760	0.304490	0.524250	0.171260	0.307420	0.523630	0.168950	0.309650	0.523220	0.167130	0.309380	0.522600	0.168020	0.312170	0.521520	0.166310	0.312900	0.518980	0.168120	0.314900	0.519950	0.165150	0.316780	0.518890	0.164330	0.319210	0.518330	0.162460	0.318460	0.517270	0.164270	0.319930	0.514660	0.165410	0.317800	0.516960	0.165240	0.319730	0.515340	0.164930
0.285280	0.569580	0.145140	0.289090	0.568480	0.142430	0.288210	0.567560	0.144230	0.285950	0.569750	0.144300	0.285720	0.568270	0.146010	0.288250	0.566300	0.145450	0.287370	0.570140	0.142490	0.288740	0.564920	0.146340	0.293210	0.564210	0.142580	0.291810	0.564050	0.144140	0.293070	0.565000	0.141930	0.293080	0.561110	0.145810	0.297280	0.560520	0.142200	0.295430	0.560990	0.143580	0.299230	0.556540	0.144230	0.296490	0.559630	0.143880	0.301890	0.554260	0.143850	0.298740	0.557330	0.143930	0.302870	0.554760	0.142370	0.296200	0.561880	0.141920
0.277040	0.610090	0.112870	0.274750	0.610430	0.114820	0.273270	0.612370	0.114360	0.271100	0.612440	0.116460	0.272080	0.612250	0.115670	0.271120	0.611870	0.117010	0.271150	0.609510	0.119340	0.272410	0.609820	0.117770	0.273470	0.608480	0.118050	0.276090	0.605190	0.118720	0.276400	0.604710	0.118890	0.277250	0.603590	0.119160	0.279400	0.602120	0.118480	0.275630	0.604090	0.120280	0.277580	0.599050	0.123370	0.279570	0.599410	0.121020	0.279600	0.598350	0.122050	0.279700	0.598550	0.121750	0.282910	0.595890	0.121200	0.280150	0.597770	0.122080
0.262900	0.652350	0.084750	0.258420	0.655640	0.085940	0.257050	0.654960	0.087990	0.258480	0.652170	0.089350	0.257310	0.651470	0.091220	0.254640	0.654890	0.090470	0.256350	0.648860	0.094790	0.253240	0.652220	0.094540	0.252830	0.652040	0.095130	0.256320	0.648530	0.095150	0.255420	0.647190	0.097390	0.255410	0.647990	0.096600	0.255870	0.646260	0.097870	0.256970	0.643930	0.099100	0.256930	0.643330	0.099740	0.256110	0.642360	0.101530	0.257420	0.642940	0.099640	0.256270	0.642890	0.100840	0.257050	0.641500	0.101450	0.256440	0.640750	0.102810
0.247220	0.694180	0.058600	0.243080	0.696150	0.060770	0.243430	0.694450	0.062120	0.239340	0.695600	0.065060	0.237080	0.696350	0.066570	0.235670	0.695580	0.068750	0.235010	0.693760	0.071230	0.235400	0.692840	0.071760	0.236390	0.688640	0.074970	0.232190	0.692540	0.075270	0.233520	0.691750	0.074730	0.234480	0.688010	0.077510	0.233190	0.689550	0.077260	0.234300	0.686590	0.079110	0.231620	0.688610	0.079770	0.231870	0.687090	0.081040	0.230620	0.687980	0.081400	0.233110	0.686320	0.080570	0.231930	0.686450	0.081620	0.232190	0.685540	0.082270
0.235350	0.727570	0.037080	0.230510	0.728740	0.040750	0.226140	0.731550	0.042310	0.223890	0.731860	0.044250	0.217310	0.735640	0.047050	0.216780	0.734610	0.048610	0.215200	0.733130	0.051670	0.214000	0.733450	0.052550	0.216410	0.728390	0.055200	0.211210	0.732500	0.056290	0.209980	0.732070	0.057950	0.211350	0.728610	0.060040	0.211020	0.730700	0.058280	0.209020	0.727640	0.063340	0.212540	0.722560	0.064900	0.209040	0.727110	0.063850	0.209700	0.726600	0.063700	0.209030	0.726130	0.064840	0.210160	0.726200	0.063640	0.210370	0.726390	0.063240
0.217080	0.762060	0.020860	0.213620	0.763760	0.022620	0.207170	0.767430	0.025400	0.204500	0.767550	0.027950	0.201610	0.768540	0.029850	0.199630	0.768210	0.032160	0.195590	0.770050	0.034360	0.195100	0.767720	0.037180	0.191680	0.769150	0.039170	0.191840	0.766510	0.041650	0.188030	0.769640	0.042330	0.188730	0.768330	0.042940	0.186720	0.767010	0.046270	0.189050	0.765060	0.045890	0.184370	0.766650	0.048980	0.184690	0.766890	0.048420	0.185150	0.765510	0.049340	0.185090	0.766120	0.048790	0.183230	0.766100	0.050670	0.186200	0.764160	0.049640
0.199810	0.790960	0.009230	0.194440	0.794500	0.011060	0.189410	0.797690	0.012900	0.183080	0.801440	0.015480	0.179710	0.802790	0.017500	0.179450	0.800570	0.019980	0.174210	0.804120	0.021670	0.172400	0.803170	0.024430	0.169780	0.803940	0.026280	0.169050	0.802200	0.028750	0.167620	0.802840	0.029540	0.164700	0.803640	0.031660	0.164350	0.803910	0.031740	0.161790	0.803760	0.034450	0.163650	0.801400	0.034950	0.163050	0.801570	0.035380	0.160060	0.802920	0.037020	0.163530	0.799630	0.036840	0.161880	0.801700	0.036420	0.161460	0.800790	0.037750
0.182680	0.814570	0.002750	0.176480	0.819150	0.004370	0.175050	0.818990	0.005960	0.167790	0.824240	0.007970	0.163010	0.827500	0.009490	0.159870	0.828790	0.011340	0.156610	0.829860	0.013530	0.151480	0.832870	0.015650	0.150790	0.831610	0.017600	0.145440	0.835590	0.018970	0.144270	0.835040	0.020690	0.146440	0.830820	0.022740	0.144070	0.831660	0.024270	0.140990	0.833450	0.025560	0.141250	0.832420	0.026330	0.138230	0.834300	0.027470	0.137560	0.833870	0.028570	0.139490	0.832510	0.028000	0.141850	0.829260	0.028890	0.137500	0.833740	0.028760
0.165280	0.832700	0.002020	0.161300	0.835420	0.003280	0.151980	0.844390	0.003630	0.147720	0.847170	0.005110	0.143620	0.849710	0.006670	0.141270	0.851040	0.007690	0.135230	0.854290	0.010480	0.132950	0.855280	0.011770	0.130900	0.855620	0.013480	0.127960	0.856840	0.015200	0.125500	0.857840	0.016660	0.126970	0.854600	0.018430	0.121080	0.859270	0.019650	0.121830	0.857700	0.020470	0.119340	0.858730	0.021930	0.119400	0.858440	0.022160	0.118140	0.859120	0.022740	0.117770	0.857840	0.024390	0.117960	0.857930	0.024110	0.117760	0.858950	0.023290
0.150740	0.841590	0.007670	0.143780	0.848900	0.007320	0.140030	0.852140	0.007830	0.134110	0.857890	0.008000	0.129130	0.862230	0.008640	0.124140	0.865930	0.009930	0.122450	0.866770	0.010780	0.116720	0.870510	0.012770	0.114820	0.871640	0.013540	0.113130	0.871950	0.014920	0.108210	0.875200	0.016590	0.108740	0.873640	0.017620	0.105500	0.876190	0.018310	0.104350	0.875930	0.019720	0.103400	0.876040	0.020560	0.100200	0.878760	0.021040	0.101560	0.877200	0.021240	0.099430	0.878190	0.022380	0.100620	0.877250	0.022130	0.099620	0.878350	0.022030
0.136140	0.846020	0.017840	0.130730	0.852120	0.017150	0.124650	0.858950	0.016400	0.117640	0.866090	0.016270	0.114110	0.869720	0.016170	0.109660	0.873990	0.016350	0.104420	0.879270	0.016310	0.103680	0.878590	0.017730	0.100200	0.880920	0.018880	0.095780	0.884440	0.019780	0.093760	0.885770	0.020470	0.092110	0.886200	0.021690	0.091570	0.885820	0.022610	0.088730	0.888800	0.022470	0.087130	0.888850	0.024020	0.089490	0.886040	0.024470	0.086390	0.889080	0.024530	0.086330	0.889020	0.024650	0.085160	0.889540	0.025300	0.085220	0.890130	0.024650
0.123550	0.841530	0.034920	0.116890	0.851890	0.031220	0.111670	0.857940	0.030390	0.105030	0.865450	0.029520	0.101190	0.871560	0.027250	0.098330	0.874580	0.027090	0.093840	0.877980	0.028180	0.091740	0.880700	0.027560	0.088590	0.883540	0.027870	0.086700	0.886160	0.027140	0.083240	0.888790	0.027970	0.080280	0.889730	0.029990	0.078550	0.892010	0.029440	0.077170	0.893470	0.029360	0.077220	0.892960	0.029820	0.075410	0.894660	0.029930	0.074420	0.894510	0.031070	0.074450	0.894180	0.031370	0.074810	0.894930	0.030260	0.072820	0.896200	0.030980
0.111580	0.831280	0.057140	0.105530	0.839670	0.054800	0.101950	0.848960	0.049090	0.096780	0.855380	0.047840	0.092490	0.861160	0.046350	0.088100	0.867280	0.044620	0.085410	0.872080	0.042510	0.081560	0.875980	0.042460	0.079110	0.879180	0.041710	0.077360	0.880420	0.042220	0.075030	0.884640	0.040330	0.072610	0.887040	0.040350	0.070260	0.889160	0.040580	0.068310	0.889930	0.041760	0.067520	0.892070	0.040410	0.066570	0.892220	0.041210	0.066270	0.892200	0.041530	0.065050	0.892780	0.042170	0.066420	0.892310	0.041270	0.065990	0.892900	0.041110
0.102000	0.814840	0.083160	0.096970	0.824210	0.078820	0.093450	0.833710	0.072840	0.089560	0.839540	0.070900	0.085770	0.847480	0.066750	0.081610	0.853300	0.065090	0.079790	0.858300	0.061910	0.077780	0.862050	0.060170	0.073620	0.865670	0.060710	0.071140	0.870440	0.058420	0.069090	0.875580	0.055330	0.068270	0.875150	0.056580	0.067460	0.876260	0.056280	0.067560	0.877120	0.055320	0.065000	0.880780	0.054220	0.064120	0.880890	0.054990	0.063760	0.881410	0.054830	0.062390	0.884310	0.053300	0.061150	0.884720	0.054130	0.063770	0.881710	0.054520
0.098290	0.786970	0.114740	0.091970	0.800110	0.107920	0.088440	0.809900	0.101660	0.085640	0.816550	0.097810	0.083600	0.821690	0.094710	0.080790	0.831400	0.087810	0.076540	0.836510	0.086950	0.074580	0.842390	0.083030	0.072930	0.847390	0.079680	0.071640	0.851330	0.077030	0.070350	0.853330	0.076320	0.068840	0.855540	0.075620	0.066720	0.859100	0.074180	0.066870	0.859910	0.073220	0.064770	0.861140	0.074090	0.065100	0.862980	0.071920	0.064050	0.864330	0.071620	0.063100	0.864840	0.072060	0.063570	0.862910	0.073520	0.063970	0.864350	0.071680
0.093170	0.758420	0.148410	0.090390	0.769150	0.140460	0.086480	0.781680	0.131840	0.085790	0.788140	0.126070	0.083710	0.794990	0.121300	0.079860	0.803140	0.117000	0.079360	0.808210	0.112430	0.078400	0.813740	0.107860	0.076570	0.817700	0.105730	0.075220	0.824400	0.100380	0.073670	0.827300	0.099030	0.073780	0.829390	0.096830	0.071210	0.835110	0.093680	0.070810	0.834970	0.094220	0.070330	0.835230	0.094440	0.068940	0.836380	0.094680	0.069100	0.838230	0.092670	0.069020	0.839110	0.091870	0.069450	0.839370	0.091180	0.067910	0.839920	0.092170
0.091330	0.723660	0.185010	0.090420	0.733160	0.176420	0.089750	0.742810	0.167440	0.089840	0.753080	0.157080	0.089100	0.760420	0.150480	0.085730	0.768900	0.145370	0.086340	0.774460	0.139200	0.085580	0.779320	0.135100	0.082520	0.786040	0.131440	0.082060	0.792260	0.125680	0.081990	0.792610	0.125400	0.079550	0.797070	0.123380	0.080320	0.799600	0.120080	0.078910	0.803350	0.117740	0.076140	0.806920	0.116940	0.077950	0.807580	0.114470	0.076920	0.808560	0.114520	0.078230	0.806340	0.115430	0.076830	0.810580	0.112590	0.078070	0.806590	0.115340
