0.303640	0.452860	0.243500	0.307910	0.453900	0.238190	0.309060	0.451720	0.239220	0.316100	0.451520	0.232380	0.316310	0.452720	0.230970	0.317800	0.451810	0.230390	0.326440	0.449370	0.224190	0.327880	0.450580	0.221540	0.328070	0.451970	0.219960	0.331590	0.447980	0.220430	0.337570	0.447330	0.215100	0.339920	0.443830	0.216250	0.340510	0.444540	0.214950	0.344580	0.443810	0.211610	0.342130	0.446690	0.211180	0.344890	0.446280	0.208830	0.346910	0.444990	0.208100	0.347700	0.444590	0.207710	0.347570	0.443400	0.209030	0.344040	0.447150	0.208810
0.299830	0.490260	0.209910	0.298040	0.492200	0.209760	0.304410	0.491470	0.204120	0.308000	0.490360	0.201640	0.308740	0.490040	0.201220	0.309540	0.491820	0.198640	0.314950	0.487260	0.197790	0.314870	0.486830	0.198300	0.319740	0.485790	0.194470	0.319950	0.485650	0.194400	0.322920	0.484510	0.192570	0.326730	0.482370	0.190900	0.331120	0.480860	0.188020	0.329550	0.481790	0.188660	0.330820	0.479820	0.189360	0.333430	0.477800	0.188770	0.332230	0.479470	0.188300	0.336180	0.478590	0.185230	0.334330	0.477970	0.187700	0.333230	0.480070	0.186700
0.295560	0.529940	0.174500	0.295360	0.531530	0.173110	0.294190	0.531160	0.174650	0.296950	0.528210	0.174840	0.299040	0.529540	0.171420	0.301990	0.528120	0.169890	0.302770	0.526260	0.170970	0.305930	0.524650	0.169420	0.308100	0.523510	0.168390	0.308260	0.523270	0.168470	0.308950	0.522230	0.168820	0.309940	0.522110	0.167950	0.314100	0.518370	0.167530	0.316010	0.517910	0.166080	0.315740	0.516180	0.168080	0.315360	0.519950	0.164690	0.317650	0.516310	0.166040	0.319190	0.514540	0.166270	0.319250	0.515280	0.165470	0.320100	0.514370	0.165530
0.287130	0.568850	0.144020	0.285700	0.570600	0.143700	0.287900	0.569960	0.142140	0.283340	0.572920	0.143740	0.288750	0.566750	0.144500	0.287200	0.569090	0.143710	0.288060	0.569300	0.142640	0.289720	0.564830	0.145450	0.292710	0.562540	0.144750	0.292350	0.562140	0.145510	0.292900	0.564030	0.143070	0.293730	0.561790	0.144480	0.297220	0.558700	0.144080	0.298990	0.558670	0.142340	0.296930	0.559390	0.143680	0.299650	0.556730	0.143620	0.299640	0.555520	0.144840	0.300360	0.556510	0.143130	0.300000	0.558150	0.141850	0.299300	0.555330	0.145370
0.276600	0.611370	0.112030	0.273550	0.612380	0.114070	0.274910	0.610770	0.114320	0.272840	0.612840	0.114320	0.272460	0.612480	0.115060	0.270790	0.611380	0.117830	0.274120	0.608300	0.117580	0.274680	0.608340	0.116980	0.270570	0.609900	0.119530	0.274830	0.605380	0.119790	0.275650	0.604560	0.119790	0.276300	0.603590	0.120110	0.277600	0.601980	0.120420	0.275470	0.603250	0.121280	0.279110	0.598480	0.122410	0.278540	0.599550	0.121910	0.277850	0.601530	0.120620	0.279300	0.599260	0.121440	0.279990	0.599870	0.120140	0.278520	0.599040	0.122440
0.261110	0.652860	0.086030	0.263280	0.651170	0.085550	0.260530	0.652730	0.086740	0.258560	0.653020	0.088420	0.259130	0.650060	0.090810	0.254940	0.652240	0.092820	0.256590	0.649220	0.094190	0.255520	0.650220	0.094260	0.258370	0.648150	0.093480	0.253880	0.648720	0.097400	0.256410	0.647920	0.095670	0.258360	0.645440	0.096200	0.255390	0.644570	0.100040	0.253130	0.647530	0.099340	0.255390	0.645610	0.099000	0.254270	0.645930	0.099800	0.257280	0.643100	0.099620	0.259720	0.640320	0.099960	0.258020	0.641660	0.100320	0.254090	0.644280	0.101630
0.249490	0.690710	0.059800	0.244220	0.695010	0.060770	0.242500	0.695560	0.061940	0.238350	0.696850	0.064800	0.238370	0.695500	0.066130	0.237410	0.694440	0.068150	0.235850	0.694820	0.069330	0.235240	0.692650	0.072110	0.234590	0.690930	0.074480	0.234910	0.690250	0.074840	0.233700	0.689280	0.077020	0.234200	0.688250	0.077550	0.234970	0.686590	0.078440	0.233540	0.687240	0.079220	0.232990	0.685870	0.081140	0.233170	0.684860	0.081970	0.232750	0.684820	0.082430	0.231420	0.687650	0.080930	0.233870	0.683580	0.082550	0.234470	0.685100	0.080430
0.236630	0.725230	0.038140	0.228650	0.732130	0.039220	0.228540	0.728800	0.042660	0.220860	0.734140	0.045000	0.218920	0.734170	0.046910	0.219700	0.731990	0.048310	0.215160	0.733880	0.050960	0.211930	0.735300	0.052770	0.211870	0.734170	0.053960	0.212490	0.731830	0.055680	0.211430	0.730260	0.058310	0.211920	0.728810	0.059270	0.212010	0.727480	0.060510	0.209610	0.727530	0.062860	0.212250	0.725410	0.062340	0.211360	0.725240	0.063400	0.211800	0.725470	0.062730	0.209620	0.725250	0.065130	0.209400	0.724860	0.065740	0.211650	0.724750	0.063600
0.217830	0.761110	0.021060	0.211360	0.765080	0.023560	0.209970	0.765460	0.024570	0.205290	0.766470	0.028240	0.200510	0.769230	0.030260	0.198860	0.769010	0.032130	0.195360	0.769000	0.035640	0.192540	0.770330	0.037130	0.192290	0.768670	0.039040	0.190840	0.768050	0.041110	0.188060	0.769650	0.042290	0.188920	0.766390	0.044690	0.187430	0.768020	0.044550	0.185680	0.768260	0.046060	0.184860	0.766750	0.048390	0.184800	0.766830	0.048370	0.185420	0.764180	0.050400	0.183300	0.767870	0.048830	0.184560	0.766500	0.048940	0.184860	0.766420	0.048720
0.200290	0.791240	0.008470	0.193580	0.795510	0.010910	0.189080	0.798180	0.012740	0.185270	0.799970	0.014760	0.181180	0.802500	0.016320	0.177100	0.804140	0.018760	0.174150	0.804110	0.021740	0.170770	0.806300	0.022930	0.168530	0.806010	0.025460	0.167310	0.804930	0.027760	0.166060	0.804450	0.029490	0.166040	0.802410	0.031550	0.161670	0.805650	0.032680	0.162790	0.803310	0.033900	0.161280	0.803570	0.035150	0.162670	0.800970	0.036360	0.161980	0.801200	0.036820	0.159900	0.803280	0.036820	0.159290	0.803270	0.037440	0.160470	0.802290	0.037240
0.182070	0.815250	0.002680	0.178950	0.817010	0.004040	0.171900	0.822220	0.005880	0.168010	0.824420	0.007570	0.163510	0.826050	0.010440	0.160060	0.828070	0.011870	0.154040	0.831920	0.014040	0.151060	0.833610	0.015330	0.151210	0.831740	0.017050	0.146670	0.833440	0.019890	0.146210	0.832870	0.020920	0.142410	0.834550	0.023040	0.144080	0.830680	0.025240	0.141350	0.832320	0.026330	0.138830	0.834870	0.026300	0.139350	0.832670	0.027980	0.138300	0.832720	0.028980	0.141090	0.829920	0.028990	0.139200	0.832570	0.028230	0.138300	0.832930	0.028770
0.164490	0.833330	0.002180	0.159690	0.837350	0.002960	0.154540	0.841320	0.004140	0.149250	0.845570	0.005180	0.144750	0.848350	0.006900	0.139900	0.851340	0.008760	0.135790	0.854430	0.009780	0.132700	0.855780	0.011520	0.131280	0.855130	0.013590	0.128790	0.855430	0.015780	0.125510	0.857980	0.016510	0.124340	0.857770	0.017890	0.122740	0.857350	0.019910	0.120440	0.859710	0.019850	0.119510	0.859320	0.021170	0.120130	0.857880	0.021990	0.120480	0.857170	0.022350	0.118360	0.858880	0.022760	0.118160	0.857920	0.023920	0.118270	0.858850	0.022880
0.151330	0.841630	0.007040	0.142910	0.850060	0.007030	0.137940	0.855320	0.006740	0.131440	0.860310	0.008250	0.129350	0.861870	0.008780	0.122460	0.867460	0.010080	0.122080	0.866880	0.011040	0.117070	0.871500	0.011430	0.113170	0.872880	0.013950	0.111190	0.873620	0.015190	0.108020	0.876010	0.015970	0.109020	0.873800	0.017180	0.106700	0.875190	0.018110	0.103590	0.876900	0.019510	0.103170	0.876090	0.020740	0.103180	0.875020	0.021800	0.102530	0.875160	0.022310	0.099740	0.878210	0.022050	0.102060	0.876210	0.021730	0.100070	0.877510	0.022420
0.133320	0.848060	0.018620	0.130180	0.852230	0.017590	0.122690	0.860390	0.016920	0.117370	0.867110	0.015520	0.114470	0.868860	0.016670	0.111590	0.871470	0.016940	0.104800	0.878510	0.016690	0.103000	0.878540	0.018460	0.099000	0.882360	0.018640	0.097640	0.883100	0.019260	0.093860	0.886420	0.019720	0.091710	0.887200	0.021090	0.090200	0.887850	0.021950	0.087540	0.889740	0.022720	0.089480	0.887080	0.023440	0.085570	0.890370	0.024060	0.086210	0.889290	0.024500	0.086030	0.889610	0.024360	0.084690	0.890800	0.024510	0.087430	0.888720	0.023850
0.122120	0.841960	0.035920	0.116700	0.850100	0.033200	0.110130	0.859190	0.030680	0.105450	0.866570	0.027980	0.102850	0.868400	0.028750	0.098270	0.874460	0.027270	0.095940	0.877120	0.026940	0.092150	0.879800	0.028050	0.086210	0.887130	0.026660	0.086060	0.885580	0.028360	0.082660	0.889960	0.027380	0.082030	0.889080	0.028890	0.079690	0.892460	0.027850	0.076970	0.893660	0.029370	0.077650	0.891420	0.030930	0.075040	0.895120	0.029840	0.073800	0.895180	0.031020	0.075370	0.893790	0.030840	0.073680	0.895010	0.031310	0.075030	0.893560	0.031410
0.110920	0.830770	0.058310	0.105390	0.841390	0.053220	0.099780	0.849940	0.050280	0.095590	0.855980	0.048430	0.093130	0.860870	0.046000	0.087060	0.868380	0.044560	0.086030	0.871480	0.042490	0.083620	0.875180	0.041200	0.078580	0.879670	0.041750	0.076070	0.883280	0.040650	0.074170	0.884760	0.041070	0.072230	0.886300	0.041470	0.069940	0.889810	0.040250	0.069320	0.888520	0.042160	0.068030	0.891440	0.040530	0.067520	0.890620	0.041860	0.067700	0.891190	0.041110	0.065440	0.894430	0.040130	0.065220	0.893360	0.041420	0.065380	0.892910	0.041710
0.102430	0.814400	0.083170	0.099230	0.821770	0.079000	0.094610	0.832380	0.073010	0.089580	0.840790	0.069630	0.088120	0.844990	0.066890	0.082450	0.855180	0.062370	0.081140	0.856120	0.062740	0.077700	0.860500	0.061800	0.074830	0.866570	0.058600	0.072130	0.870530	0.057340	0.070040	0.872000	0.057960	0.067970	0.875200	0.056830	0.066900	0.877090	0.056010	0.065520	0.879520	0.054960	0.064490	0.879940	0.055570	0.062370	0.882560	0.055070	0.064020	0.881000	0.054980	0.062220	0.882490	0.055290	0.063860	0.881020	0.055120	0.062290	0.882980	0.054730
0.096280	0.787920	0.115800	0.092060	0.798540	0.109400	0.089170	0.807130	0.103700	0.085700	0.818390	0.095910	0.082260	0.826320	0.091420	0.080360	0.831600	0.088040	0.078470	0.837530	0.084000	0.075650	0.842060	0.082290	0.071880	0.847150	0.080970	0.071210	0.850590	0.078200	0.070050	0.851540	0.078410	0.067360	0.856000	0.076640	0.066250	0.859430	0.074320	0.066540	0.858660	0.074800	0.065260	0.861340	0.073400	0.064250	0.864650	0.071100	0.063760	0.864060	0.072180	0.063050	0.864730	0.072220	0.062620	0.864810	0.072570	0.061980	0.865440	0.072580
0.092720	0.757660	0.149620	0.089590	0.769580	0.140830	0.087780	0.780930	0.131290	0.085800	0.787500	0.126700	0.083120	0.794020	0.122860	0.081750	0.802080	0.116170	0.079440	0.809350	0.111210	0.077270	0.814490	0.108240	0.076920	0.819130	0.103950	0.075250	0.823340	0.101410	0.073060	0.827140	0.099800	0.072480	0.831060	0.096460	0.069840	0.834620	0.095540	0.070890	0.835160	0.093950	0.068140	0.836190	0.095670	0.068690	0.837780	0.093530	0.068900	0.839660	0.091440	0.068470	0.840720	0.090810	0.068930	0.840310	0.090760	0.068810	0.840120	0.091070
0.092330	0.723270	0.184400	0.091210	0.731910	0.176880	0.088140	0.744530	0.167330	0.090280	0.749680	0.160040	0.088850	0.760070	0.151080	0.086600	0.768670	0.144730	0.083960	0.775490	0.140550	0.083920	0.780890	0.135190	0.084500	0.784270	0.131230	0.081990	0.790020	0.127990	0.082700	0.793080	0.124220	0.079430	0.799180	0.121390	0.079970	0.800600	0.119430	0.079450	0.803720	0.116830	0.080390	0.803930	0.115680	0.078030	0.805960	0.116010	0.080810	0.805920	0.113270	0.077810	0.806850	0.115340	0.077320	0.807420	0.115260	0.078450	0.807440	0.114110
