0.304640	0.452920	0.242440	0.304790	0.455910	0.239300	0.309320	0.453930	0.236750	0.314830	0.452090	0.233080	0.314430	0.453220	0.232350	0.320660	0.451540	0.227800	0.321850	0.451940	0.226210	0.326260	0.451880	0.221860	0.329810	0.449490	0.220700	0.333390	0.449880	0.216730	0.335080	0.446660	0.218260	0.336940	0.447660	0.215400	0.342950	0.443960	0.213090	0.341650	0.446930	0.211420	0.343490	0.444210	0.212300	0.347680	0.444370	0.207950	0.344530	0.446000	0.209470	0.346860	0.443250	0.209890	0.346310	0.445510	0.208180	0.345980	0.443190	0.210830
0.299220	0.490610	0.210170	0.302090	0.488440	0.209470	0.304930	0.490000	0.205070	0.304420	0.490460	0.205120	0.312920	0.488400	0.198680	0.311840	0.490100	0.198060	0.314620	0.486350	0.199030	0.317390	0.485680	0.196930	0.319160	0.484060	0.196780	0.322530	0.484440	0.193030	0.322520	0.483670	0.193810	0.326720	0.481960	0.191320	0.330210	0.478070	0.191720	0.332950	0.479560	0.187490	0.330640	0.480510	0.188850	0.330110	0.480200	0.189690	0.335290	0.478210	0.186500	0.335040	0.477250	0.187710	0.331480	0.479870	0.188650	0.334810	0.479880	0.185310
0.294590	0.528640	0.176770	0.296720	0.527960	0.175320	0.297050	0.530220	0.172730	0.297550	0.530140	0.172310	0.298330	0.528820	0.172850	0.300020	0.528980	0.171000	0.303240	0.525130	0.171630	0.304390	0.524970	0.170640	0.307760	0.521990	0.170250	0.306340	0.523890	0.169770	0.311760	0.518730	0.169510	0.313920	0.517720	0.168360	0.312100	0.520900	0.167000	0.315860	0.518350	0.165790	0.316990	0.518820	0.164190	0.317120	0.517250	0.165630	0.315960	0.517830	0.166210	0.317850	0.517350	0.164800	0.318070	0.516760	0.165170	0.319440	0.515800	0.164760
0.287010	0.569740	0.143250	0.286170	0.572700	0.141130	0.284760	0.571010	0.144230	0.282910	0.572880	0.144210	0.285470	0.571530	0.143000	0.287870	0.567770	0.144360	0.290920	0.564930	0.144150	0.288030	0.568580	0.143390	0.293790	0.561760	0.144450	0.293720	0.562150	0.144130	0.293080	0.564140	0.142780	0.294450	0.561500	0.144050	0.296810	0.558870	0.144320	0.297550	0.558530	0.143920	0.299590	0.556870	0.143540	0.297620	0.556560	0.145820	0.298410	0.558380	0.143210	0.299410	0.557880	0.142710	0.298630	0.558910	0.142460	0.300570	0.556990	0.142440
0.273900	0.612440	0.113660	0.275180	0.610340	0.114480	0.269940	0.614620	0.115440	0.272740	0.611880	0.115380	0.273870	0.610490	0.115640	0.270100	0.614040	0.115860	0.272840	0.609330	0.117830	0.274480	0.606750	0.118770	0.277120	0.605160	0.117720	0.275870	0.604900	0.119230	0.275490	0.605290	0.119220	0.278620	0.603950	0.117430	0.276290	0.602110	0.121600	0.277790	0.601230	0.120980	0.280650	0.596530	0.122820	0.278040	0.601930	0.120030	0.278890	0.600230	0.120880	0.277880	0.601160	0.120960	0.278700	0.598290	0.123010	0.281010	0.597390	0.121600
0.263380	0.651840	0.084780	0.262500	0.652040	0.085460	0.256180	0.654980	0.088840	0.257720	0.654170	0.088110	0.256250	0.652890	0.090860	0.255870	0.651630	0.092500	0.254830	0.651830	0.093340	0.255570	0.649930	0.094500	0.253810	0.650350	0.095840	0.256020	0.647880	0.096100	0.257740	0.647000	0.095260	0.255260	0.645960	0.098780	0.253900	0.647800	0.098300	0.257350	0.643070	0.099580	0.256420	0.642090	0.101490	0.257280	0.641470	0.101250	0.257320	0.642740	0.099940	0.258220	0.641620	0.100160	0.258240	0.641390	0.100370	0.257020	0.641790	0.101190
0.247430	0.693150	0.059420	0.245950	0.692450	0.061600	0.242410	0.695410	0.062180	0.241630	0.694600	0.063770	0.238450	0.694310	0.067240	0.236730	0.693510	0.069760	0.235240	0.694270	0.070490	0.234860	0.693800	0.071340	0.233050	0.692420	0.074530	0.231510	0.691960	0.076530	0.231980	0.692060	0.075960	0.232700	0.690720	0.076580	0.235740	0.686930	0.077330	0.234020	0.685700	0.080280	0.231070	0.688270	0.080660	0.232250	0.686860	0.080890	0.235020	0.683970	0.081010	0.233960	0.685140	0.080900	0.232060	0.685980	0.081960	0.232950	0.684310	0.082740
0.234370	0.726980	0.038650	0.228150	0.731190	0.040660	0.224860	0.731750	0.043390	0.222940	0.733580	0.043480	0.221550	0.731560	0.046890	0.219370	0.732600	0.048030	0.214710	0.733480	0.051810	0.214580	0.731990	0.053430	0.214720	0.731660	0.053620	0.210660	0.732100	0.057240	0.211410	0.732270	0.056320	0.213190	0.728510	0.058300	0.210420	0.729190	0.060390	0.209120	0.729630	0.061250	0.210720	0.725430	0.063850	0.209120	0.727510	0.063370	0.210050	0.724880	0.065070	0.210700	0.725600	0.063700	0.208190	0.726660	0.065150	0.209600	0.726720	0.063680
0.217570	0.760860	0.021570	0.213590	0.762150	0.024260	0.207560	0.767420	0.025020	0.201960	0.769720	0.028320	0.201770	0.768710	0.029520	0.198740	0.769160	0.032100	0.195660	0.769380	0.034960	0.196120	0.767330	0.036550	0.192250	0.767690	0.040060	0.190060	0.769200	0.040740	0.188490	0.770220	0.041290	0.187440	0.767770	0.044790	0.183580	0.770690	0.045730	0.184970	0.768660	0.046370	0.186940	0.766820	0.046240	0.186850	0.765880	0.047270	0.185470	0.765390	0.049140	0.183600	0.766690	0.049710	0.185590	0.764900	0.049510	0.185290	0.764530	0.050180
0.198390	0.792730	0.008880	0.193190	0.796060	0.010750	0.190170	0.796950	0.012880	0.185860	0.798780	0.015360	0.181190	0.801400	0.017410	0.179300	0.801640	0.019060	0.175670	0.802930	0.021400	0.171300	0.805720	0.022980	0.171450	0.802620	0.025930	0.167990	0.804330	0.027680	0.166040	0.803790	0.030170	0.165840	0.803870	0.030290	0.164380	0.803020	0.032600	0.161160	0.804340	0.034500	0.163440	0.800900	0.035660	0.163170	0.800590	0.036240	0.161730	0.801740	0.036530	0.161800	0.800820	0.037380	0.160850	0.801780	0.037370	0.161580	0.800960	0.037460
0.184820	0.812040	0.003140	0.176720	0.819010	0.004270	0.171040	0.822930	0.006030	0.168130	0.824340	0.007530	0.162210	0.828410	0.009380	0.161020	0.827580	0.011400	0.156990	0.829460	0.013550	0.152520	0.832060	0.015420	0.150440	0.831790	0.017770	0.147640	0.832980	0.019380	0.145660	0.832730	0.021610	0.142270	0.834390	0.023340	0.144320	0.831710	0.023970	0.143650	0.830590	0.025760	0.140770	0.832180	0.027050	0.140490	0.831850	0.027660	0.141300	0.830180	0.028520	0.139730	0.832240	0.028030	0.139550	0.831260	0.029190	0.141010	0.829500	0.029490
0.165190	0.832790	0.002020	0.159770	0.837220	0.003010	0.153940	0.842220	0.003840	0.147330	0.847230	0.005440	0.142590	0.850390	0.007020	0.141510	0.849730	0.008760	0.138740	0.851260	0.010000	0.133460	0.854750	0.011790	0.130780	0.856020	0.013200	0.126950	0.857890	0.015160	0.126680	0.857460	0.015860	0.122510	0.860160	0.017330	0.123990	0.855980	0.020030	0.121280	0.858370	0.020350	0.118870	0.859480	0.021650	0.117780	0.860030	0.022190	0.118020	0.858980	0.023000	0.118730	0.857890	0.023380	0.118940	0.857820	0.023240	0.117940	0.859480	0.022580
0.150320	0.842750	0.006930	0.143510	0.849900	0.006590	0.138220	0.854570	0.007210	0.133250	0.859070	0.007680	0.127820	0.863530	0.008650	0.124170	0.866190	0.009640	0.119690	0.869420	0.010890	0.116830	0.871260	0.011910	0.113460	0.872820	0.013720	0.110330	0.874770	0.014900	0.110720	0.873110	0.016170	0.106760	0.876200	0.017040	0.106320	0.875450	0.018230	0.103300	0.876460	0.020240	0.100960	0.878330	0.020710	0.100630	0.877740	0.021630	0.098860	0.879330	0.021810	0.100210	0.878700	0.021090	0.100140	0.878030	0.021830	0.099740	0.878080	0.022180
0.135040	0.847370	0.017590	0.128400	0.854450	0.017150	0.124080	0.859260	0.016660	0.117750	0.866270	0.015980	0.114900	0.869080	0.016020	0.110410	0.873230	0.016360	0.106250	0.876880	0.016870	0.102990	0.878930	0.018080	0.100290	0.880660	0.019050	0.096390	0.883960	0.019650	0.093550	0.887070	0.019380	0.092680	0.886620	0.020700	0.090160	0.888660	0.021180	0.088710	0.889470	0.021820	0.088490	0.888450	0.023060	0.087290	0.888570	0.024140	0.085130	0.890110	0.024760	0.085340	0.891050	0.023610	0.085290	0.889950	0.024760	0.086700	0.888800	0.024500
0.122800	0.841930	0.035270	0.117330	0.849510	0.033160	0.111340	0.857860	0.030800	0.105460	0.865550	0.028990	0.104210	0.867390	0.028400	0.098260	0.873980	0.027760	0.093840	0.879490	0.026670	0.090430	0.881410	0.028160	0.087500	0.884780	0.027720	0.084230	0.887980	0.027790	0.081850	0.889750	0.028400	0.081540	0.889210	0.029250	0.078150	0.892130	0.029720	0.077940	0.892960	0.029100	0.076710	0.893370	0.029920	0.077030	0.891940	0.031030	0.075170	0.893330	0.031500	0.074000	0.895460	0.030540	0.073170	0.896500	0.030330	0.074780	0.894630	0.030590
0.110880	0.831360	0.057760	0.104990	0.841850	0.053160	0.100230	0.848640	0.051130	0.096600	0.855830	0.047570	0.091930	0.862620	0.045450	0.087750	0.868580	0.043670	0.086550	0.871950	0.041500	0.082870	0.874800	0.042330	0.079560	0.879280	0.041160	0.077160	0.883280	0.039560	0.074730	0.884560	0.040710	0.071920	0.887830	0.040250	0.069780	0.890280	0.039940	0.069380	0.890030	0.040590	0.069190	0.890100	0.040710	0.066900	0.891830	0.041270	0.066820	0.891590	0.041590	0.066020	0.892130	0.041850	0.064570	0.894170	0.041260	0.066810	0.891590	0.041600
0.103380	0.812860	0.083760	0.097860	0.823390	0.078750	0.092600	0.832600	0.074800	0.089430	0.840240	0.070330	0.085110	0.846890	0.068000	0.083230	0.852690	0.064080	0.080020	0.858370	0.061610	0.077860	0.861960	0.060180	0.074240	0.866730	0.059030	0.072120	0.870390	0.057490	0.070920	0.870700	0.058380	0.067630	0.876220	0.056150	0.066050	0.878870	0.055080	0.064480	0.881030	0.054490	0.065450	0.879030	0.055520	0.062330	0.884570	0.053100	0.063110	0.880470	0.056420	0.064070	0.881780	0.054150	0.061650	0.882930	0.055420	0.063410	0.882190	0.054400
0.095360	0.789630	0.115010	0.091360	0.799220	0.109420	0.089270	0.808940	0.101790	0.086100	0.816990	0.096910	0.082750	0.825320	0.091930	0.081120	0.830320	0.088560	0.077160	0.836360	0.086480	0.076420	0.840550	0.083030	0.075270	0.842830	0.081900	0.071540	0.849310	0.079150	0.069940	0.853400	0.076660	0.067770	0.855550	0.076680	0.066360	0.857260	0.076380	0.065630	0.860580	0.073790	0.064750	0.861630	0.073620	0.064670	0.862620	0.072710	0.062810	0.864060	0.073130	0.061410	0.867560	0.071030	0.063450	0.864840	0.071710	0.062950	0.865200	0.071850
0.093180	0.757690	0.149130	0.089900	0.769210	0.140890	0.087540	0.781340	0.131120	0.084910	0.788140	0.126950	0.084480	0.793790	0.121730	0.080360	0.805540	0.114100	0.080150	0.808480	0.111370	0.079250	0.812500	0.108250	0.075490	0.818830	0.105680	0.073840	0.823090	0.103070	0.074070	0.827930	0.098000	0.072430	0.829080	0.098490	0.071080	0.834410	0.094510	0.071560	0.835340	0.093100	0.068570	0.837900	0.093530	0.069470	0.837410	0.093120	0.069020	0.838150	0.092830	0.067830	0.839520	0.092650	0.069080	0.838890	0.092030	0.068680	0.841190	0.090130
0.091890	0.720100	0.188010	0.090910	0.731600	0.177490	0.091020	0.741650	0.167330	0.089030	0.753050	0.157920	0.084930	0.762600	0.152470	0.084940	0.769020	0.146040	0.085020	0.774360	0.140620	0.082790	0.782080	0.135130	0.083290	0.786110	0.130600	0.082290	0.790310	0.127400	0.080910	0.794490	0.124600	0.080270	0.799540	0.120190	0.079870	0.800510	0.119620	0.079410	0.803430	0.117160	0.078420	0.804830	0.116750	0.078610	0.805750	0.115640	0.077750	0.806870	0.115380	0.078160	0.807450	0.114390	0.077170	0.808740	0.114090	0.077200	0.808560	0.114240
