0.304316	0.453073	0.242611	0.306963	0.453460	0.239578	0.309948	0.453528	0.236523	0.313099	0.453325	0.233575	0.316414	0.452897	0.230689	0.319806	0.452289	0.227905	0.323191	0.451548	0.225261	0.326410	0.450743	0.222847	0.329618	0.449859	0.220523	0.332731	0.448933	0.218335	0.335670	0.448007	0.216323	0.338235	0.447161	0.214604	0.340641	0.446339	0.213021	0.342708	0.445612	0.211681	0.344410	0.444999	0.210591	0.345811	0.444487	0.209702	0.346800	0.444121	0.209080	0.347392	0.443900	0.208709	0.347618	0.443815	0.208567	0.347441	0.443881	0.208678
0.300625	0.490419	0.208956	0.302221	0.490659	0.207121	0.304201	0.490556	0.205243	0.306428	0.490167	0.203405	0.308875	0.489539	0.201585	0.311464	0.488724	0.199812	0.314113	0.487775	0.198112	0.316682	0.486769	0.196549	0.319283	0.485684	0.195033	0.321840	0.484562	0.193598	0.324279	0.483450	0.192271	0.326427	0.482441	0.191132	0.328456	0.481465	0.190079	0.330209	0.480605	0.189185	0.331660	0.479884	0.188456	0.332857	0.479282	0.187861	0.333705	0.478852	0.187443	0.334213	0.478593	0.187194	0.334408	0.478493	0.187099	0.334256	0.478571	0.187173
0.294621	0.529457	0.175922	0.295159	0.529680	0.175161	0.296123	0.529531	0.174347	0.297408	0.529071	0.173521	0.298969	0.528354	0.172678	0.300731	0.527433	0.171836	0.302620	0.526368	0.171012	0.304515	0.525245	0.170240	0.306482	0.524036	0.169481	0.308457	0.522790	0.168753	0.310373	0.521556	0.168071	0.312081	0.520438	0.167481	0.313712	0.519357	0.166931	0.315133	0.518406	0.166461	0.316316	0.517608	0.166076	0.317298	0.516943	0.165760	0.317996	0.516468	0.165537	0.318415	0.516181	0.165404	0.318576	0.516071	0.165353	0.318450	0.516157	0.165393
0.286271	0.570287	0.143443	0.285742	0.570625	0.143634	0.285674	0.570554	0.143771	0.286000	0.570141	0.143859	0.286652	0.569443	0.143905	0.287564	0.568519	0.143917	0.288666	0.567433	0.143901	0.289860	0.566276	0.143864	0.291168	0.565022	0.143810	0.292533	0.563723	0.143744	0.293898	0.562431	0.143670	0.295144	0.561258	0.143598	0.296354	0.560122	0.143524	0.297423	0.559121	0.143456	0.298323	0.558279	0.143397	0.299076	0.557577	0.143347	0.299614	0.557075	0.143311	0.299939	0.556773	0.143289	0.300063	0.556656	0.143280	0.299966	0.556747	0.143287
0.275783	0.611569	0.112648	0.274215	0.612153	0.113631	0.273137	0.612290	0.114573	0.272517	0.612042	0.115441	0.272268	0.611476	0.116257	0.272332	0.610654	0.117014	0.272649	0.609644	0.117708	0.273139	0.608540	0.118322	0.273781	0.607323	0.118896	0.274530	0.606047	0.119423	0.275336	0.604767	0.119896	0.276111	0.603597	0.120292	0.276892	0.602458	0.120650	0.277601	0.601450	0.120949	0.278211	0.600601	0.121188	0.278729	0.599890	0.121381	0.279103	0.599382	0.121516	0.279330	0.599075	0.121595	0.279417	0.598957	0.121626	0.279349	0.599049	0.121602
0.263459	0.652063	0.084478	0.260911	0.653018	0.086071	0.258873	0.653484	0.087644	0.257349	0.653515	0.089136	0.256235	0.653191	0.090575	0.255481	0.652575	0.091944	0.255034	0.651737	0.093228	0.254839	0.650772	0.094389	0.254830	0.649675	0.095495	0.254974	0.648498	0.096528	0.255230	0.647298	0.097471	0.255540	0.646189	0.098271	0.255896	0.645100	0.099004	0.256248	0.644130	0.099621	0.256569	0.643309	0.100122	0.256853	0.642619	0.100528	0.257064	0.642125	0.100812	0.257194	0.641826	0.100981	0.257244	0.641711	0.101045	0.257205	0.641800	0.100995
0.249081	0.692124	0.058795	0.245606	0.693585	0.060808	0.242653	0.694511	0.062836	0.240261	0.694946	0.064793	0.238310	0.694980	0.066710	0.236762	0.694681	0.068558	0.235569	0.694118	0.070313	0.234700	0.693385	0.071915	0.234049	0.692493	0.073457	0.233594	0.691496	0.074910	0.233304	0.690450	0.076246	0.233150	0.689464	0.077386	0.233081	0.688482	0.078437	0.233076	0.687597	0.079327	0.233108	0.686842	0.080050	0.233156	0.686204	0.080640	0.233202	0.685745	0.081053	0.233234	0.685467	0.081299	0.233248	0.685359	0.081393	0.233237	0.685443	0.081320
0.233924	0.728184	0.037891	0.229657	0.730243	0.040101	0.225914	0.731720	0.042366	0.222768	0.732645	0.044587	0.220084	0.733125	0.046791	0.217833	0.733225	0.048942	0.215979	0.733016	0.051005	0.214509	0.732586	0.052905	0.213282	0.731970	0.054748	0.212288	0.731217	0.056495	0.211503	0.730385	0.058112	0.210928	0.729572	0.059500	0.210473	0.728744	0.060784	0.210142	0.727984	0.061874	0.209908	0.727328	0.062764	0.209741	0.726768	0.063490	0.209637	0.726363	0.064001	0.209579	0.726116	0.064305	0.209558	0.726021	0.064422	0.209574	0.726095	0.064331
0.217367	0.761706	0.020927	0.212410	0.764476	0.023114	0.207972	0.766619	0.025409	0.204153	0.768143	0.027703	0.200810	0.769173	0.030017	0.197924	0.769771	0.032306	0.195464	0.770010	0.034527	0.193441	0.769967	0.036592	0.191681	0.769707	0.038612	0.190184	0.769274	0.040542	0.188937	0.768724	0.042339	0.187967	0.768144	0.043889	0.187148	0.767522	0.045330	0.186509	0.766933	0.046559	0.186024	0.766411	0.047564	0.185653	0.765960	0.048387	0.185405	0.765629	0.048966	0.185262	0.765426	0.049312	0.185208	0.765347	0.049445	0.185250	0.765409	0.049341
0.199916	0.791179	0.008905	0.194409	0.794760	0.010831	0.189405	0.797666	0.012929	0.185030	0.799885	0.015086	0.181133	0.801556	0.017311	0.177705	0.802742	0.019553	0.174725	0.803513	0.021762	0.172222	0.803935	0.023842	0.169997	0.804104	0.025899	0.168058	0.804062	0.027881	0.166401	0.803858	0.029741	0.165080	0.803564	0.031356	0.163935	0.803200	0.032865	0.163019	0.802823	0.034158	0.162308	0.802472	0.035220	0.161752	0.802156	0.036092	0.161375	0.801919	0.036706	0.161154	0.801772	0.037074	0.161071	0.801715	0.037214	0.161136	0.801760	0.037105
0.183074	0.814175	0.002750	0.177200	0.818593	0.004207	0.171805	0.822295	0.005900	0.167034	0.825242	0.007725	0.162734	0.827592	0.009674	0.158904	0.829403	0.011692	0.155532	0.830744	0.013724	0.152663	0.831667	0.015671	0.150077	0.832301	0.017622	0.147792	0.832684	0.019524	0.145813	0.832860	0.021328	0.144211	0.832882	0.022906	0.142806	0.832802	0.024392	0.141667	0.832662	0.025670	0.140775	0.832500	0.026726	0.140069	0.832336	0.027595	0.139586	0.832205	0.028209	0.139303	0.832120	0.028577	0.139196	0.832087	0.028718	0.139279	0.832113	0.028608
0.165683	0.832107	0.002210	0.159604	0.837449	0.002946	0.153970	0.842036	0.003994	0.148941	0.845796	0.005263	0.144366	0.848909	0.006725	0.140250	0.851428	0.008322	0.136589	0.853417	0.009994	0.133444	0.854913	0.011643	0.130581	0.856083	0.013336	0.128025	0.856956	0.015018	0.125790	0.857573	0.016637	0.123964	0.857964	0.018073	0.122347	0.858217	0.019436	0.121027	0.858353	0.020620	0.119984	0.858413	0.021603	0.119155	0.858429	0.022416	0.118584	0.858423	0.022993	0.118248	0.858412	0.023340	0.118121	0.858406	0.023473	0.118220	0.858411	0.023369
0.150134	0.842525	0.007342	0.144041	0.848751	0.007208	0.138353	0.854188	0.007460	0.133239	0.858735	0.008026	0.128552	0.862592	0.008856	0.124305	0.865803	0.009891	0.120500	0.868430	0.011071	0.117206	0.870492	0.012302	0.114187	0.872194	0.013619	0.111473	0.873556	0.014970	0.109083	0.874613	0.016304	0.107118	0.875374	0.017508	0.105368	0.875962	0.018670	0.103931	0.876378	0.019691	0.102791	0.876663	0.020546	0.101880	0.876861	0.021259	0.101252	0.876981	0.021767	0.100882	0.877045	0.022073	0.100741	0.877068	0.022191	0.100851	0.877050	0.022099
0.135137	0.846398	0.018466	0.129215	0.853539	0.017245	0.123651	0.859862	0.016486	0.118616	0.865236	0.016148	0.113971	0.869875	0.016154	0.109734	0.873821	0.016446	0.105913	0.877126	0.016962	0.102585	0.879793	0.017622	0.099516	0.882066	0.018418	0.096742	0.883955	0.019302	0.094284	0.885489	0.020227	0.092254	0.886650	0.021096	0.090436	0.887603	0.021961	0.088937	0.888324	0.022738	0.087743	0.888855	0.023401	0.086788	0.889251	0.023961	0.086126	0.889510	0.024364	0.085736	0.889656	0.024608	0.085587	0.889711	0.024702	0.085703	0.889669	0.024628
0.122078	0.843054	0.034868	0.116509	0.851061	0.032430	0.111244	0.858228	0.030528	0.106451	0.864392	0.029157	0.102004	0.869786	0.028211	0.097924	0.874442	0.027635	0.094224	0.878407	0.027369	0.090985	0.881666	0.027349	0.087984	0.884498	0.027518	0.085257	0.886907	0.027836	0.082829	0.888911	0.028259	0.080815	0.890470	0.028715	0.079005	0.891785	0.029210	0.077508	0.892810	0.029682	0.076311	0.893587	0.030102	0.075351	0.894182	0.030467	0.074685	0.894579	0.030736	0.074292	0.894808	0.030900	0.074142	0.894894	0.030964	0.074259	0.894827	0.030914
0.110636	0.832090	0.057274	0.105616	0.840938	0.053446	0.100841	0.848931	0.050228	0.096469	0.855874	0.047658	0.092389	0.862015	0.045596	0.088625	0.867379	0.043997	0.085193	0.872005	0.042801	0.082174	0.875860	0.041967	0.079362	0.879258	0.041379	0.076796	0.882194	0.041010	0.074501	0.884678	0.040821	0.072590	0.886642	0.040768	0.070867	0.888329	0.040804	0.069436	0.889666	0.040898	0.068290	0.890695	0.041015	0.067369	0.891494	0.041137	0.066729	0.892035	0.041237	0.066350	0.892349	0.041301	0.066206	0.892467	0.041327	0.066318	0.892375	0.041307
0.101930	0.814329	0.083741	0.097611	0.823912	0.078477	0.093478	0.832633	0.073889	0.089670	0.840270	0.070060	0.086097	0.847081	0.066822	0.082782	0.853084	0.064135	0.079744	0.858311	0.061946	0.077057	0.862709	0.060234	0.074544	0.866627	0.058829	0.072240	0.870047	0.057713	0.070172	0.872975	0.056853	0.068443	0.875316	0.056242	0.066878	0.877347	0.055774	0.065576	0.878976	0.055448	0.064530	0.880241	0.055229	0.063688	0.881232	0.055080	0.063101	0.881906	0.054992	0.062754	0.882300	0.054945	0.062622	0.882449	0.054929	0.062725	0.882333	0.054942
0.095723	0.789018	0.115259	0.092284	0.799255	0.108461	0.088968	0.808631	0.102401	0.085891	0.816897	0.097212	0.082983	0.824323	0.092694	0.080268	0.830916	0.088816	0.077765	0.836702	0.085534	0.075539	0.841608	0.082853	0.073445	0.846015	0.080540	0.071517	0.849895	0.078588	0.069778	0.853244	0.076978	0.068317	0.855944	0.075738	0.066992	0.858307	0.074701	0.065885	0.860215	0.073900	0.064993	0.861707	0.073300	0.064273	0.862883	0.072843	0.063772	0.863687	0.072541	0.063474	0.864158	0.072367	0.063361	0.864337	0.072302	0.063449	0.864198	0.072353
0.092642	0.758570	0.148788	0.090177	0.769315	0.140508	0.087775	0.779208	0.133017	0.085524	0.787978	0.126498	0.083378	0.795901	0.120721	0.081357	0.802977	0.115666	0.079479	0.809225	0.111296	0.077797	0.814556	0.107648	0.076204	0.819373	0.104423	0.074728	0.823641	0.101631	0.073389	0.827349	0.099262	0.072260	0.830356	0.097384	0.071230	0.833003	0.095768	0.070366	0.835151	0.094483	0.069669	0.836839	0.093492	0.069104	0.838176	0.092720	0.068710	0.839092	0.092198	0.068475	0.839630	0.091894	0.068386	0.839834	0.091780	0.068456	0.839675	0.091869
0.092575	0.721808	0.185617	0.091216	0.732933	0.175851	0.089861	0.743224	0.166915	0.088565	0.752390	0.159045	0.087305	0.760713	0.151982	0.086099	0.768184	0.145717	0.084960	0.774815	0.140225	0.083926	0.780501	0.135573	0.082935	0.785666	0.131399	0.082006	0.790266	0.127728	0.081155	0.794282	0.124563	0.080430	0.797556	0.122014	0.079764	0.800450	0.119786	0.079202	0.802809	0.117989	0.078745	0.804670	0.116585	0.078374	0.806148	0.115478	0.078114	0.807164	0.114722	0.077959	0.807761	0.114280	0.077900	0.807988	0.114112	0.077946	0.807811	0.114243
