5.21	0.00	2.50	5.51	0.00	0.00	0.00	0.00	0.00	1554622	125070	101870	173078	287	757	2412	0.08	0.01	0.22	0.01	0.70	0.02
5.07	0.00	2.50	5.51	0.00	0.00	0.00	0.00	0.00	1555564	125074	96691	181002	267	441	2824	0.08	0.00	0.12	0.01	0.80	0.02
5.21	0.00	2.50	5.36	0.00	0.00	0.00	0.00	0.00	1551645	125120	96022	182099	252	465	2749	0.07	0.00	0.13	0.01	0.79	0.02
4.93	0.00	2.50	5.51	0.00	0.00	0.00	0.00	0.00	1557314	128208	94946	188184	234	298	2913	0.07	0.00	0.09	0.01	0.85	0.02
5.07	0.00	2.50	5.36	0.00	0.00	0.00	0.00	0.00	1545330	123995	92451	184132	201	283	2870	0.06	0.00	0.08	0.01	0.86	0.02
5.21	0.00	2.50	5.21	0.00	0.00	0.00	0.00	0.00	1556102	123076	91768	183449	186	272	2873	0.06	0.00	0.08	0.01	0.86	0.02
4.93	0.00	2.50	5.36	0.00	0.00	0.00	0.00	0.00	1553994	123667	92728	181914	183	296	2848	0.06	0.00	0.09	0.01	0.86	0.02
5.07	0.00	2.50	5.21	0.00	0.00	0.00	0.00	0.00	1549504	124429	92782	182759	180	315	2760	0.06	0.00	0.10	0.01	0.85	0.02
4.78	0.00	2.50	5.51	0.00	0.00	0.00	0.00	0.00	1537179	125856	93837	182148	215	283	2700	0.07	0.00	0.09	0.01	0.84	0.02
5.21	0.00	2.50	5.06	0.00	0.00	0.00	0.00	0.00	1539133	124637	93303	181085	188	308	2758	0.06	0.00	0.09	0.01	0.85	0.02
4.78	0.00	2.50	5.36	0.00	0.00	0.00	0.00	0.00	1543395	124354	96990	177971	191	484	2676	0.06	0.00	0.14	0.01	0.80	0.02
4.63	0.00	2.50	5.51	0.00	0.00	0.00	0.00	0.00	1536454	123225	95822	176385	214	438	2502	0.07	0.00	0.14	0.01	0.79	0.02
5.21	0.00	2.50	4.90	0.00	0.00	0.00	0.00	0.00	1540033	123412	98864	176710	181	590	2560	0.05	0.00	0.18	0.01	0.77	0.02
4.93	0.00	2.50	5.21	0.00	0.00	0.00	0.00	0.00	1539744	123968	98186	177736	179	524	2545	0.06	0.00	0.16	0.01	0.78	0.02
5.07	0.00	2.50	5.06	0.00	0.00	0.00	0.00	0.00	1554257	122761	98292	177855	181	592	2610	0.05	0.00	0.17	0.01	0.77	0.02
4.63	0.00	2.50	5.36	0.00	0.00	0.00	0.00	0.00	1555499	123561	105857	172061	200	901	2436	0.06	0.00	0.25	0.01	0.69	0.02
4.93	0.00	2.50	5.06	0.00	0.00	0.00	0.00	0.00	1543793	123073	107683	170374	186	976	2321	0.05	0.00	0.28	0.01	0.67	0.02
5.07	0.00	2.50	4.90	0.00	0.00	0.00	0.00	0.00	1543594	122935	108420	170836	160	1016	2336	0.05	0.00	0.29	0.01	0.67	0.02
4.47	0.00	2.50	5.51	0.00	0.00	0.00	0.00	0.00	1543675	123984	104893	172618	223	832	2465	0.06	0.00	0.24	0.01	0.70	0.02
4.78	0.00	2.50	5.21	0.00	0.00	0.00	0.00	0.00	1541640	124490	106901	173983	160	909	2372	0.05	0.00	0.26	0.01	0.69	0.02
5.21	0.00	2.50	4.73	0.00	0.00	0.00	0.00	0.00	1547114	123134	108888	170339	149	1038	2330	0.04	0.00	0.30	0.01	0.66	0.02
4.31	0.00	2.50	5.51	0.00	0.00	0.00	0.00	0.00	1541497	123477	114448	163903	160	1266	2048	0.05	0.00	0.36	0.01	0.59	0.02
5.21	0.00	2.50	4.56	0.00	0.00	0.00	0.00	0.00	1558776	120975	119442	158031	157	1583	1800	0.04	0.00	0.45	0.01	0.51	0.01
5.07	0.00	2.50	4.73	0.00	0.00	0.00	0.00	0.00	1548488	122244	119968	159144	138	1560	1817	0.04	0.00	0.44	0.01	0.52	0.01
4.93	0.00	2.50	4.90	0.00	0.00	0.00	0.00	0.00	1554541	121320	118187	158256	159	1381	1901	0.05	0.00	0.40	0.01	0.55	0.02
4.63	0.00	2.50	5.21	0.00	0.00	0.00	0.00	0.00	1549418	122652	116548	160856	180	1367	1926	0.05	0.00	0.39	0.01	0.55	0.02
4.47	0.00	2.50	5.36	0.00	0.00	0.00	0.00	0.00	1539427	122125	114422	160340	160	1255	1910	0.05	0.00	0.38	0.01	0.57	0.02
4.78	0.00	2.50	5.06	0.00	0.00	0.00	0.00	0.00	1559601	120961	116546	158271	164	1411	1914	0.05	0.00	0.40	0.01	0.55	0.02
4.31	0.00	2.50	5.36	0.00	0.00	0.00	0.00	0.00	1553909	121842	125698	149379	173	1876	1456	0.05	0.00	0.54	0.02	0.42	0.01
5.07	0.00	2.50	4.56	0.00	0.00	0.00	0.00	0.00	1552559	121424	130939	146398	119	2028	1262	0.03	0.00	0.59	0.02	0.37	0.01
4.93	0.00	2.50	4.73	0.00	0.00	0.00	0.00	0.00	1549725	122793	130407	148395	143	1958	1317	0.04	0.00	0.57	0.02	0.39	0.01
4.63	0.00	2.50	5.06	0.00	0.00	0.00	0.00	0.00	1556886	122144	127555	148302	162	1902	1360	0.05	0.00	0.56	0.02	0.40	0.01
4.47	0.00	2.50	5.21	0.00	0.00	0.00	0.00	0.00	1556940	122733	127541	148534	155	1844	1423	0.05	0.00	0.54	0.02	0.42	0.01
5.21	0.00	2.50	4.38	0.00	0.00	0.00	0.00	0.00	1544777	122613	133135	146489	133	2050	1225	0.04	0.00	0.60	0.02	0.36	0.01
4.14	0.00	2.50	5.51	0.00	0.00	0.00	0.00	0.00	1544214	122374	125279	150351	185	1809	1443	0.05	0.00	0.53	0.02	0.42	0.01
4.78	0.00	2.50	4.90	0.00	0.00	0.00	0.00	0.00	1538977	123544	130494	148587	167	1874	1280	0.05	0.00	0.56	0.02	0.39	0.01
4.31	0.00	2.50	5.21	0.00	0.00	0.00	0.00	0.00	1554720	123188	138044	139796	196	2366	948	0.06	0.00	0.67	0.02	0.27	0.01
4.14	0.00	2.50	5.36	0.00	0.00	0.00	0.00	0.00	1553694	122799	138009	140385	175	2352	984	0.05	0.00	0.67	0.02	0.28	0.01
5.07	0.00	2.50	4.38	0.00	0.00	0.00	0.00	0.00	1560862	122455	143127	136684	216	2546	852	0.06	0.00	0.70	0.02	0.24	0.01
4.93	0.00	2.50	4.56	0.00	0.00	0.00	0.00	0.00	1559387	121961	143088	137215	197	2589	839	0.05	0.00	0.71	0.02	0.23	0.01
5.21	0.00	2.50	4.19	0.00	0.00	0.00	0.00	0.00	1559861	120525	144624	134551	175	2696	853	0.05	0.00	0.72	0.02	0.23	0.01
4.47	0.00	2.50	5.06	0.00	0.00	0.00	0.00	0.00	1550244	121289	140202	138109	173	2486	967	0.05	0.00	0.69	0.02	0.27	0.01
4.78	0.00	2.50	4.73	0.00	0.00	0.00	0.00	0.00	1549705	128844	148544	144152	192	2603	916	0.05	0.00	0.70	0.02	0.25	0.01
4.63	0.00	2.50	4.90	0.00	0.00	0.00	0.00	0.00	1549700	123008	142272	138676	179	2548	914	0.05	0.00	0.70	0.02	0.25	0.01
3.97	0.00	2.50	5.51	0.00	0.00	0.00	0.00	0.00	1556064	124097	139761	142591	191	2320	1066	0.05	0.00	0.65	0.02	0.30	0.01
4.93	0.00	2.50	4.38	0.00	0.00	0.00	0.00	0.00	1548624	126216	150151	133216	286	2832	577	0.08	0.00	0.77	0.02	0.16	0.01
4.78	0.00	2.50	4.56	0.00	0.00	0.00	0.00	0.00	1553613	124748	148767	131941	291	2845	582	0.08	0.00	0.77	0.02	0.16	0.01
4.31	0.00	2.50	5.06	0.00	0.00	0.00	0.00	0.00	1534801	127207	148428	136333	248	2659	641	0.07	0.00	0.75	0.02	0.18	0.01
3.97	0.00	2.50	5.36	0.00	0.00	0.00	0.00	0.00	1541978	127466	147032	137550	272	2621	646	0.08	0.00	0.74	0.02	0.18	0.01
5.07	0.00	2.50	4.19	0.00	0.00	0.00	0.00	0.00	1544405	127248	150457	134252	273	2763	567	0.08	0.00	0.77	0.02	0.16	0.01
4.14	0.00	2.50	5.21	0.00	0.00	0.00	0.00	0.00	1573729	128053	150289	137000	269	2855	654	0.07	0.00	0.76	0.02	0.17	0.01
5.21	0.00	2.50	4.00	0.00	0.00	0.00	0.00	0.00	1541271	128692	151622	134286	290	2812	596	0.08	0.00	0.76	0.02	0.16	0.01
4.63	0.00	2.50	4.73	0.00	0.00	0.00	0.00	0.00	1548152	126170	150670	132968	276	2842	593	0.07	0.00	0.77	0.02	0.16	0.01
3.78	0.00	2.50	5.51	0.00	0.00	0.00	0.00	0.00	1556337	124484	147504	134926	274	2796	776	0.07	0.00	0.73	0.02	0.20	0.01
4.47	0.00	2.50	4.90	0.00	0.00	0.00	0.00	0.00	1551861	133601	156834	140389	283	2892	576	0.08	0.00	0.77	0.02	0.15	0.01
3.78	0.00	2.50	5.36	0.00	0.00	0.00	0.00	0.00	1531575	129348	150036	131873	410	2893	472	0.11	0.01	0.77	0.02	0.13	0.01
5.07	0.00	2.50	4.00	0.00	0.00	0.00	0.00	0.00	1550926	128212	151137	129040	499	2880	419	0.13	0.01	0.76	0.02	0.11	0.01
4.63	0.00	2.50	4.56	0.00	0.00	0.00	0.00	0.00	1548966	128151	149971	128045	474	2883	408	0.13	0.01	0.77	0.02	0.11	0.01
4.47	0.00	2.50	4.73	0.00	0.00	0.00	0.00	0.00	1546938	130442	150496	129717	476	2871	441	0.13	0.01	0.76	0.02	0.12	0.01
4.78	0.00	2.50	4.38	0.00	0.00	0.00	0.00	0.00	1542111	130120	150734	129093	481	2882	390	0.13	0.01	0.77	0.02	0.10	0.01
4.31	0.00	2.50	4.90	0.00	0.00	0.00	0.00	0.00	1551963	128684	150472	128442	441	2882	434	0.12	0.01	0.77	0.02	0.12	0.01
4.14	0.00	2.50	5.06	0.00	0.00	0.00	0.00	0.00	1548156	130710	152452	132178	391	2848	418	0.11	0.01	0.78	0.02	0.11	0.01
3.97	0.00	2.50	5.21	0.00	0.00	0.00	0.00	0.00	1553494	128797	150648	129204	406	2893	451	0.11	0.01	0.77	0.02	0.12	0.01
3.59	0.00	2.50	5.51	0.00	0.00	0.00	0.00	0.00	1541820	130079	149829	131806	412	2661	467	0.12	0.01	0.75	0.02	0.13	0.01
5.21	0.00	2.50	3.79	0.00	0.00	0.00	0.00	0.00	1538023	129117	150265	129118	466	2966	410	0.12	0.01	0.77	0.02	0.11	0.01
4.93	0.00	2.50	4.19	0.00	0.00	0.00	0.00	0.00	1527534	131301	150709	131198	466	2880	418	0.12	0.01	0.77	0.02	0.11	0.01
4.47	0.00	2.50	4.56	0.00	0.00	0.00	0.00	0.00	1537696	134834	145506	127503	718	2618	340	0.20	0.01	0.71	0.02	0.09	0.01
3.59	0.00	2.50	5.36	0.00	0.00	0.00	0.00	0.00	1536331	133318	147135	127525	589	2702	350	0.16	0.01	0.74	0.02	0.10	0.01
5.07	0.00	2.50	3.79	0.00	0.00	0.00	0.00	0.00	1547621	136029	144662	129403	759	2592	456	0.20	0.01	0.68	0.02	0.12	0.01
4.31	0.00	2.50	4.73	0.00	0.00	0.00	0.00	0.00	1599572	140000	150634	132183	675	2769	350	0.18	0.01	0.73	0.02	0.09	0.01
4.93	0.00	2.50	4.00	0.00	0.00	0.00	0.00	0.00	1547590	135271	144419	128222	692	2636	387	0.19	0.01	0.71	0.02	0.10	0.01
3.78	0.00	2.50	5.21	0.00	0.00	0.00	0.00	0.00	1543051	135108	147643	129454	631	2600	308	0.18	0.01	0.73	0.02	0.09	0.01
5.21	0.00	2.50	3.57	0.00	0.00	0.00	0.00	0.00	1537301	137794	144433	132161	674	2593	391	0.18	0.01	0.71	0.02	0.11	0.01
3.38	0.00	2.50	5.51	0.00	0.00	0.00	0.00	0.00	1532330	134822	147976	129304	589	2707	343	0.16	0.01	0.74	0.02	0.09	0.01
4.63	0.00	2.50	4.38	0.00	0.00	0.00	0.00	0.00	1540296	136114	145184	129357	724	2608	410	0.19	0.01	0.70	0.02	0.11	0.01
4.78	0.00	2.50	4.19	0.00	0.00	0.00	0.00	0.00	1545062	135661	144992	128064	696	2654	423	0.18	0.01	0.70	0.02	0.11	0.01
3.97	0.00	2.50	5.06	0.00	0.00	0.00	0.00	0.00	1546377	134467	146983	127060	644	2655	319	0.18	0.01	0.73	0.02	0.09	0.01
4.14	0.00	2.50	4.90	0.00	0.00	0.00	0.00	0.00	1542948	133704	146522	128023	654	2700	362	0.18	0.01	0.73	0.02	0.10	0.01
3.59	0.00	2.50	5.21	0.00	0.00	0.00	0.00	0.00	1599784	145302	145063	131505	957	2489	334	0.25	0.01	0.66	0.02	0.09	0.01
4.31	0.00	2.50	4.56	0.00	0.00	0.00	0.00	0.00	1539750	143073	136614	132128	956	2130	431	0.27	0.01	0.61	0.02	0.12	0.01
4.47	0.00	2.50	4.38	0.00	0.00	0.00	0.00	0.00	1534308	142637	135771	129256	964	2201	386	0.27	0.01	0.62	0.02	0.11	0.01
4.14	0.00	2.50	4.73	0.00	0.00	0.00	0.00	0.00	1543491	142729	137763	128197	948	2236	402	0.26	0.01	0.62	0.02	0.11	0.01
3.78	0.00	2.50	5.06	0.00	0.00	0.00	0.00	0.00	1538974	141793	139486	128361	994	2339	383	0.27	0.01	0.63	0.02	0.10	0.01
4.78	0.00	2.50	4.00	0.00	0.00	0.00	0.00	0.00	1542908	142566	134584	130278	1041	2142	493	0.28	0.01	0.58	0.02	0.13	0.01
3.38	0.00	2.50	5.36	0.00	0.00	0.00	0.00	0.00	1552794	140203	141499	126664	929	2480	304	0.25	0.01	0.67	0.02	0.08	0.00
5.07	0.00	2.50	3.57	0.00	0.00	0.00	0.00	0.00	1549266	142130	133241	129511	1027	2163	515	0.28	0.01	0.58	0.02	0.14	0.01
4.93	0.00	2.50	3.79	0.00	0.00	0.00	0.00	0.00	1540104	144472	135020	132953	1029	2112	540	0.28	0.01	0.57	0.02	0.15	0.01
3.97	0.00	2.50	4.90	0.00	0.00	0.00	0.00	0.00	1542634	143688	138696	130238	988	2291	374	0.27	0.01	0.63	0.02	0.10	0.01
3.16	0.00	2.50	5.51	0.00	0.00	0.00	0.00	0.00	1524774	141772	142564	129049	802	2426	311	0.23	0.01	0.69	0.02	0.09	0.01
5.21	0.00	2.50	3.34	0.00	0.00	0.00	0.00	0.00	1541828	143335	133915	132980	1046	2139	556	0.28	0.01	0.57	0.02	0.15	0.01
4.63	0.00	2.50	4.19	0.00	0.00	0.00	0.00	0.00	1538737	143274	134544	130952	1036	2197	446	0.28	0.01	0.60	0.02	0.12	0.01
5.21	0.00	2.50	3.10	0.00	0.00	0.00	0.00	0.00	1553834	149274	120477	135114	1385	1542	773	0.37	0.01	0.42	0.01	0.21	0.01
4.14	0.00	2.50	4.56	0.00	0.00	0.00	0.00	0.00	1547454	152226	125539	132742	1365	1662	479	0.39	0.01	0.47	0.01	0.14	0.01
4.47	0.00	2.50	4.19	0.00	0.00	0.00	0.00	0.00	1549674	151913	123242	133502	1351	1644	634	0.37	0.01	0.45	0.01	0.17	0.01
3.97	0.00	2.50	4.73	0.00	0.00	0.00	0.00	0.00	1545532	150104	125892	131268	1362	1753	467	0.38	0.01	0.49	0.01	0.13	0.01
3.78	0.00	2.50	4.90	0.00	0.00	0.00	0.00	0.00	1539924	151215	128282	132145	1357	1764	434	0.38	0.01	0.50	0.01	0.12	0.01
5.07	0.00	2.50	3.34	0.00	0.00	0.00	0.00	0.00	1543980	151217	121185	136537	1435	1588	705	0.38	0.01	0.43	0.01	0.19	0.01
4.31	0.00	2.50	4.38	0.00	0.00	0.00	0.00	0.00	1543715	152067	124741	134118	1377	1664	582	0.38	0.01	0.46	0.01	0.16	0.01
4.63	0.00	2.50	4.00	0.00	0.00	0.00	0.00	0.00	1543576	152622	123515	135050	1492	1673	640	0.39	0.01	0.44	0.01	0.17	0.01
3.38	0.00	2.50	5.21	0.00	0.00	0.00	0.00	0.00	1535558	150279	130620	131173	1310	1940	391	0.36	0.01	0.53	0.01	0.11	0.01
4.93	0.00	2.50	3.57	0.00	0.00	0.00	0.00	0.00	1554340	150295	121153	134511	1416	1598	701	0.38	0.01	0.43	0.01	0.19	0.01
4.78	0.00	2.50	3.79	0.00	0.00	0.00	0.00	0.00	1595788	156172	126081	138447	1461	1631	648	0.39	0.01	0.44	0.01	0.17	0.01
3.59	0.00	2.50	5.06	0.00	0.00	0.00	0.00	0.00	1553009	148906	128199	127602	1373	2005	441	0.36	0.01	0.53	0.01	0.12	0.01
3.16	0.00	2.50	5.36	0.00	0.00	0.00	0.00	0.00	1543175	149553	131339	129344	1349	2039	366	0.36	0.01	0.54	0.01	0.10	0.01
2.93	0.00	2.50	5.51	0.00	0.00	0.00	0.00	0.00	1551126	148030	133001	127404	1312	2155	317	0.35	0.01	0.57	0.02	0.08	0.00
4.31	0.00	2.50	4.19	0.00	0.00	0.00	0.00	0.00	1546846	160133	110958	134736	1824	1119	683	0.50	0.01	0.31	0.01	0.19	0.01
5.07	0.00	2.50	3.10	0.00	0.00	0.00	0.00	0.00	1555667	158352	107957	137339	1753	1067	856	0.48	0.01	0.29	0.01	0.23	0.01
2.67	0.00	2.50	5.51	0.00	0.00	0.00	0.00	0.00	1552085	158079	120174	129346	1692	1501	412	0.47	0.01	0.42	0.01	0.11	0.01
3.78	0.00	2.50	4.73	0.00	0.00	0.00	0.00	0.00	1551881	160197	114240	133243	1811	1245	589	0.50	0.01	0.34	0.01	0.16	0.01
3.97	0.00	2.50	4.56	0.00	0.00	0.00	0.00	0.00	1550474	159290	112482	132764	1821	1148	642	0.50	0.01	0.32	0.01	0.18	0.01
5.21	0.00	2.50	2.83	0.00	0.00	0.00	0.00	0.00	1545792	157878	107579	139702	1785	1065	897	0.48	0.01	0.28	0.01	0.24	0.01
4.14	0.00	2.50	4.38	0.00	0.00	0.00	0.00	0.00	1543137	160171	111087	133357	1858	1141	697	0.50	0.01	0.31	0.01	0.19	0.01
4.93	0.00	2.50	3.34	0.00	0.00	0.00	0.00	0.00	1542619	158939	108313	138005	1785	1042	844	0.49	0.01	0.28	0.01	0.23	0.01
4.47	0.00	2.50	4.00	0.00	0.00	0.00	0.00	0.00	1566651	162772	111669	139122	1908	1033	748	0.52	0.01	0.28	0.01	0.20	0.01
4.78	0.00	2.50	3.57	0.00	0.00	0.00	0.00	0.00	1543900	160268	109813	138323	1772	1017	806	0.49	0.01	0.28	0.01	0.22	0.01
4.63	0.00	2.50	3.79	0.00	0.00	0.00	0.00	0.00	1542197	160174	110174	137545	1830	984	752	0.51	0.01	0.28	0.01	0.21	0.01
3.16	0.00	2.50	5.21	0.00	0.00	0.00	0.00	0.00	1546603	157714	116309	129094	1695	1376	466	0.48	0.01	0.39	0.01	0.13	0.01
3.38	0.00	2.50	5.06	0.00	0.00	0.00	0.00	0.00	1536183	159306	116746	132566	1780	1281	502	0.50	0.01	0.36	0.01	0.14	0.01
3.59	0.00	2.50	4.90	0.00	0.00	0.00	0.00	0.00	1554337	159114	114184	130942	1792	1322	532	0.49	0.01	0.36	0.01	0.15	0.01
2.93	0.00	2.50	5.36	0.00	0.00	0.00	0.00	0.00	1547179	157534	118563	127798	1817	1473	424	0.49	0.01	0.40	0.01	0.11	0.01
2.67	0.00	2.50	5.36	0.00	0.00	0.00	0.00	0.00	1545128	167223	108120	131341	2021	985	554	0.57	0.02	0.28	0.01	0.16	0.01
5.07	0.00	2.50	2.83	0.00	0.00	0.00	0.00	0.00	1539271	165992	98924	143197	1978	555	942	0.57	0.02	0.16	0.01	0.27	0.01
2.39	0.00	2.50	5.51	0.00	0.00	0.00	0.00	0.00	1550271	168328	109884	132062	2022	1028	475	0.57	0.02	0.29	0.01	0.13	0.01
3.97	0.00	2.50	4.38	0.00	0.00	0.00	0.00	0.00	1553125	168251	100780	136175	2246	649	729	0.62	0.02	0.18	0.01	0.20	0.01
2.93	0.00	2.50	5.21	0.00	0.00	0.00	0.00	0.00	1555337	166765	105548	131296	2142	960	622	0.58	0.02	0.26	0.01	0.17	0.01
3.16	0.00	2.50	5.06	0.00	0.00	0.00	0.00	0.00	1544958	168704	105544	134328	2160	841	606	0.60	0.02	0.23	0.01	0.17	0.01
4.78	0.00	2.50	3.34	0.00	0.00	0.00	0.00	0.00	1542378	168339	98587	140786	2155	578	868	0.60	0.02	0.16	0.01	0.24	0.01
4.93	0.00	2.50	3.10	0.00	0.00	0.00	0.00	0.00	1543087	167160	98865	143438	2081	516	964	0.58	0.02	0.14	0.01	0.27	0.01
5.21	0.00	2.50	2.53	0.00	0.00	0.00	0.00	0.00	1546652	165302	98267	143312	2087	573	1071	0.56	0.02	0.15	0.01	0.29	0.01
4.47	0.00	2.50	3.79	0.00	0.00	0.00	0.00	0.00	1543242	174236	105793	145022	2206	628	857	0.60	0.02	0.17	0.01	0.23	0.01
4.31	0.00	2.50	4.00	0.00	0.00	0.00	0.00	0.00	1532499	169125	99923	139809	2090	581	807	0.60	0.02	0.17	0.01	0.23	0.01
4.63	0.00	2.50	3.57	0.00	0.00	0.00	0.00	0.00	1554780	166684	97550	137349	2220	606	884	0.60	0.02	0.16	0.01	0.24	0.01
4.14	0.00	2.50	4.19	0.00	0.00	0.00	0.00	0.00	1555525	167594	98363	134512	2324	644	769	0.62	0.02	0.17	0.01	0.21	0.01
3.78	0.00	2.50	4.56	0.00	0.00	0.00	0.00	0.00	1553212	167960	101217	132867	2271	751	755	0.60	0.02	0.20	0.01	0.20	0.01
3.59	0.00	2.50	4.73	0.00	0.00	0.00	0.00	0.00	1542070	168776	102212	134818	2186	735	756	0.59	0.02	0.20	0.01	0.21	0.01
3.38	0.00	2.50	4.90	0.00	0.00	0.00	0.00	0.00	1541860	169513	103423	134064	2230	767	619	0.62	0.02	0.21	0.01	0.17	0.01
2.39	0.00	2.50	5.36	0.00	0.00	0.00	0.00	0.00	1550213	174832	96966	132384	2475	547	594	0.68	0.02	0.15	0.01	0.16	0.01
3.59	0.00	2.50	4.56	0.00	0.00	0.00	0.00	0.00	1566529	177372	96012	139565	2499	372	846	0.67	0.02	0.10	0.01	0.23	0.01
5.07	0.00	2.50	2.53	0.00	0.00	0.00	0.00	0.00	1548858	170539	92152	143337	2289	313	1070	0.62	0.02	0.09	0.01	0.29	0.01
4.93	0.00	2.50	2.83	0.00	0.00	0.00	0.00	0.00	1548444	171134	92373	142936	2349	311	999	0.64	0.02	0.08	0.01	0.27	0.01
2.67	0.00	2.50	5.21	0.00	0.00	0.00	0.00	0.00	1549900	175454	96510	133515	2460	454	670	0.69	0.02	0.13	0.01	0.19	0.01
4.31	0.00	2.50	3.79	0.00	0.00	0.00	0.00	0.00	1545392	173978	92837	141080	2315	316	900	0.66	0.02	0.09	0.01	0.25	0.01
2.07	0.00	2.50	5.51	0.00	0.00	0.00	0.00	0.00	1544109	174105	99154	131738	2473	597	600	0.67	0.02	0.16	0.01	0.16	0.01
3.16	0.00	2.50	4.90	0.00	0.00	0.00	0.00	0.00	1541567	175855	95623	134462	2532	410	710	0.69	0.02	0.11	0.01	0.19	0.01
3.38	0.00	2.50	4.73	0.00	0.00	0.00	0.00	0.00	1537200	175680	95529	137130	2522	384	770	0.69	0.02	0.10	0.01	0.21	0.01
3.78	0.00	2.50	4.38	0.00	0.00	0.00	0.00	0.00	1543716	174131	93685	137451	2379	362	836	0.67	0.02	0.10	0.01	0.23	0.01
4.14	0.00	2.50	4.00	0.00	0.00	0.00	0.00	0.00	1546112	173255	92954	139614	2423	291	835	0.68	0.02	0.08	0.00	0.24	0.01
2.93	0.00	2.50	5.06	0.00	0.00	0.00	0.00	0.00	1544993	175402	96145	135272	2370	420	670	0.68	0.02	0.12	0.01	0.19	0.01
3.97	0.00	2.50	4.19	0.00	0.00	0.00	0.00	0.00	1548702	173312	92968	137690	2391	311	814	0.68	0.02	0.09	0.01	0.23	0.01
5.21	0.00	2.50	2.19	0.00	0.00	0.00	0.00	0.00	1549933	169439	92425	143828	2165	296	1090	0.61	0.02	0.08	0.01	0.31	0.01
4.78	0.00	2.50	3.10	0.00	0.00	0.00	0.00	0.00	1544194	171010	92902	142968	2315	276	1018	0.64	0.02	0.08	0.00	0.28	0.01
4.47	0.00	2.50	3.57	0.00	0.00	0.00	0.00	0.00	1536593	173966	93210	141770	2391	277	922	0.67	0.02	0.08	0.00	0.26	0.01
4.63	0.00	2.50	3.34	0.00	0.00	0.00	0.00	0.00	1583441	179002	95567	146424	2434	282	1003	0.65	0.02	0.08	0.00	0.27	0.01
4.14	0.00	2.50	3.79	0.00	0.00	0.00	0.00	0.00	1545516	176565	91491	140576	2423	217	849	0.69	0.02	0.06	0.00	0.24	0.01
3.59	0.00	2.50	4.38	0.00	0.00	0.00	0.00	0.00	1544628	183070	95908	143088	2592	230	749	0.73	0.02	0.06	0.00	0.21	0.01
5.07	0.00	2.50	2.19	0.00	0.00	0.00	0.00	0.00	1543398	171154	92021	143517	2274	239	1022	0.64	0.02	0.07	0.00	0.29	0.01
4.47	0.00	2.50	3.34	0.00	0.00	0.00	0.00	0.00	1542832	177807	96003	144887	2354	203	948	0.67	0.02	0.06	0.00	0.27	0.01
2.07	0.00	2.50	5.36	0.00	0.00	0.00	0.00	0.00	1537282	182738	96449	137557	2696	245	629	0.76	0.02	0.07	0.00	0.18	0.01
2.39	0.00	2.50	5.21	0.00	0.00	0.00	0.00	0.00	1544137	181835	95513	137583	2649	247	678	0.74	0.02	0.07	0.00	0.19	0.01
4.31	0.00	2.50	3.57	0.00	0.00	0.00	0.00	0.00	1534827	174821	92109	141691	2372	224	865	0.69	0.02	0.06	0.00	0.25	0.01
4.93	0.00	2.50	2.53	0.00	0.00	0.00	0.00	0.00	1528539	172787	92414	144295	2294	247	1004	0.65	0.02	0.07	0.00	0.28	0.01
2.67	0.00	2.50	5.06	0.00	0.00	0.00	0.00	0.00	1534657	180587	91993	136087	2643	226	718	0.74	0.02	0.06	0.00	0.20	0.01
4.78	0.00	2.50	2.83	0.00	0.00	0.00	0.00	0.00	1550199	172482	92107	142928	2331	250	1015	0.65	0.02	0.07	0.00	0.28	0.01
3.38	0.00	2.50	4.56	0.00	0.00	0.00	0.00	0.00	1546941	178599	91089	137274	2567	207	754	0.73	0.02	0.06	0.00	0.21	0.01
3.16	0.00	2.50	4.73	0.00	0.00	0.00	0.00	0.00	1535162	178768	91702	138553	2499	212	774	0.72	0.02	0.06	0.00	0.22	0.01
2.93	0.00	2.50	4.90	0.00	0.00	0.00	0.00	0.00	1540131	179764	91921	138150	2576	223	698	0.74	0.02	0.06	0.00	0.20	0.01
3.97	0.00	2.50	4.00	0.00	0.00	0.00	0.00	0.00	1530215	176028	92266	140388	2470	235	783	0.71	0.02	0.07	0.00	0.22	0.01
4.63	0.00	2.50	3.10	0.00	0.00	0.00	0.00	0.00	1535328	173705	92379	143019	2306	242	960	0.66	0.02	0.07	0.00	0.27	0.01
3.78	0.00	2.50	4.19	0.00	0.00	0.00	0.00	0.00	1525821	178429	92509	141769	2381	199	805	0.70	0.02	0.06	0.00	0.24	0.01
1.69	0.00	2.50	5.51	0.00	0.00	0.00	0.00	0.00	1525967	180110	95096	136740	2500	311	581	0.74	0.02	0.09	0.01	0.17	0.01
5.21	0.00	2.50	1.79	0.00	0.00	0.00	0.00	0.00	1543781	170234	92803	145240	2127	245	1001	0.63	0.02	0.07	0.00	0.30	0.01
5.07	0.00	2.50	1.79	0.00	0.00	0.00	0.00	0.00	1544606	169519	95330	143463	2110	357	989	0.61	0.02	0.10	0.01	0.29	0.01
1.69	0.00	2.50	5.36	0.00	0.00	0.00	0.00	0.00	1548129	182513	90751	134847	2793	208	653	0.76	0.02	0.06	0.00	0.18	0.01
4.47	0.00	2.50	3.10	0.00	0.00	0.00	0.00	0.00	1533033	173184	95610	142482	2250	388	896	0.64	0.02	0.11	0.01	0.25	0.01
3.16	0.00	2.50	4.56	0.00	0.00	0.00	0.00	0.00	1537067	178021	91697	137154	2442	235	711	0.72	0.02	0.07	0.00	0.21	0.01
4.63	0.00	2.50	2.83	0.00	0.00	0.00	0.00	0.00	1537612	171430	95300	141566	2228	394	959	0.62	0.02	0.11	0.01	0.27	0.01
2.07	0.00	2.50	5.21	0.00	0.00	0.00	0.00	0.00	1535519	181566	91268	136079	2589	188	685	0.75	0.02	0.05	0.00	0.20	0.01
2.39	0.00	2.50	5.06	0.00	0.00	0.00	0.00	0.00	1536170	179446	91283	136794	2550	207	709	0.74	0.02	0.06	0.00	0.20	0.01
4.93	0.00	2.50	2.19	0.00	0.00	0.00	0.00	0.00	1535806	168599	95731	143188	2173	352	927	0.63	0.02	0.10	0.01	0.27	0.01
3.59	0.00	2.50	4.19	0.00	0.00	0.00	0.00	0.00	1533326	176534	93839	139503	2396	258	791	0.70	0.02	0.07	0.00	0.23	0.01
4.14	0.00	2.50	3.57	0.00	0.00	0.00	0.00	0.00	1539434	173865	94669	141138	2345	333	889	0.66	0.02	0.09	0.01	0.25	0.01
2.93	0.00	2.50	4.73	0.00	0.00	0.00	0.00	0.00	1535004	179162	91247	136805	2631	246	727	0.73	0.02	0.07	0.00	0.20	0.01
3.78	0.00	2.50	4.00	0.00	0.00	0.00	0.00	0.00	1532400	175666	94755	141119	2365	302	843	0.67	0.02	0.09	0.01	0.24	0.01
4.31	0.00	2.50	3.34	0.00	0.00	0.00	0.00	0.00	1527120	172721	94638	141835	2309	340	882	0.65	0.02	0.10	0.01	0.25	0.01
1.20	0.00	2.50	5.51	0.00	0.00	0.00	0.00	0.00	1544063	180892	91481	136235	2649	179	613	0.77	0.02	0.05	0.00	0.18	0.01
3.97	0.00	2.50	3.79	0.00	0.00	0.00	0.00	0.00	1543288	173908	93479	138677	2423	333	878	0.67	0.02	0.09	0.01	0.24	0.01
3.38	0.00	2.50	4.38	0.00	0.00	0.00	0.00	0.00	1536874	175690	92889	138241	2445	248	785	0.70	0.02	0.07	0.00	0.23	0.01
2.67	0.00	2.50	4.90	0.00	0.00	0.00	0.00	0.00	1541670	177854	91338	136645	2542	212	679	0.74	0.02	0.06	0.00	0.20	0.01
5.21	0.00	2.50	1.26	0.00	0.00	0.00	0.00	0.00	1541608	166670	94954	143537	2077	343	968	0.61	0.02	0.10	0.01	0.29	0.01
4.78	0.00	2.50	2.53	0.00	0.00	0.00	0.00	0.00	1532047	170086	95008	142125	2187	383	935	0.62	0.02	0.11	0.01	0.27	0.01
5.07	0.00	2.50	1.26	0.00	0.00	0.00	0.00	0.00	1527043	166413	101095	141148	1982	645	849	0.57	0.02	0.19	0.01	0.24	0.01
1.69	0.00	2.50	5.21	0.00	0.00	0.00	0.00	0.00	1535384	179662	92024	134409	2576	272	614	0.74	0.02	0.08	0.00	0.18	0.01
1.20	0.00	2.50	5.36	0.00	0.00	0.00	0.00	0.00	1531402	180090	91100	133722	2685	227	614	0.76	0.02	0.06	0.00	0.17	0.01
3.59	0.00	2.50	4.00	0.00	0.00	0.00	0.00	0.00	1528574	172116	99596	139472	2260	515	747	0.64	0.02	0.15	0.01	0.21	0.01
2.93	0.00	2.50	4.56	0.00	0.00	0.00	0.00	0.00	1538993	174424	95066	135579	2397	446	732	0.67	0.02	0.12	0.01	0.20	0.01
3.78	0.00	2.50	3.79	0.00	0.00	0.00	0.00	0.00	1537788	170204	98852	137465	2174	577	767	0.62	0.02	0.16	0.01	0.22	0.01
4.31	0.00	2.50	3.10	0.00	0.00	0.00	0.00	0.00	1539854	167386	100620	138786	2027	637	822	0.58	0.02	0.18	0.01	0.24	0.01
4.93	0.00	2.50	1.79	0.00	0.00	0.00	0.00	0.00	1537605	163618	100912	139468	1996	636	918	0.56	0.02	0.18	0.01	0.26	0.01
2.39	0.00	2.50	4.90	0.00	0.00	0.00	0.00	0.00	1535816	176999	94386	135017	2493	289	686	0.72	0.02	0.08	0.01	0.20	0.01
2.07	0.00	2.50	5.06	0.00	0.00	0.00	0.00	0.00	1529492	177451	93135	135129	2533	286	648	0.73	0.02	0.08	0.01	0.19	0.01
4.14	0.00	2.50	3.34	0.00	0.00	0.00	0.00	0.00	1536219	168428	100644	139510	2103	564	849	0.60	0.02	0.16	0.01	0.24	0.01
3.38	0.00	2.50	4.19	0.00	0.00	0.00	0.00	0.00	1541888	171660	96857	135625	2319	513	763	0.65	0.02	0.14	0.01	0.21	0.01
3.16	0.00	2.50	4.38	0.00	0.00	0.00	0.00	0.00	1540635	173005	96978	136643	2302	444	734	0.66	0.02	0.13	0.01	0.21	0.01
3.97	0.00	2.50	3.57	0.00	0.00	0.00	0.00	0.00	1531513	169132	99449	137081	2268	634	776	0.62	0.02	0.17	0.01	0.21	0.01
4.47	0.00	2.50	2.83	0.00	0.00	0.00	0.00	0.00	1526756	167107	102164	141271	2068	684	851	0.57	0.02	0.19	0.01	0.24	0.01
0.00	0.00	2.50	5.51	0.00	0.00	0.00	0.00	0.00	1530047	180495	90853	135534	2645	198	586	0.77	0.02	0.06	0.00	0.17	0.01
4.63	0.00	2.50	2.53	0.00	0.00	0.00	0.00	0.00	1528436	165622	102141	140607	1960	688	850	0.56	0.02	0.20	0.01	0.24	0.01
5.21	0.00	2.50	0.00	0.00	0.00	0.00	0.00	0.00	1532468	164699	99629	142347	2014	552	961	0.57	0.02	0.16	0.01	0.27	0.01
2.67	0.00	2.50	4.73	0.00	0.00	0.00	0.00	0.00	1535616	175695	94916	135744	2441	411	705	0.69	0.02	0.12	0.01	0.20	0.01
4.78	0.00	2.50	2.19	0.00	0.00	0.00	0.00	0.00	1517075	165155	102702	141296	1948	705	812	0.56	0.02	0.20	0.01	0.23	0.01
4.93	0.00	2.50	1.26	0.00	0.00	0.00	0.00	0.00	1550033	160004	107235	136015	1790	1020	813	0.49	0.01	0.28	0.01	0.22	0.01
5.07	0.00	2.50	0.00	0.00	0.00	0.00	0.00	0.00	1543701	161002	106268	137889	1819	967	856	0.50	0.01	0.27	0.01	0.24	0.01
3.38	0.00	2.50	4.00	0.00	0.00	0.00	0.00	0.00	1537819	166998	105079	135151	2049	825	660	0.58	0.02	0.23	0.01	0.19	0.01
3.78	0.00	2.50	3.57	0.00	0.00	0.00	0.00	0.00	1535894	164906	106495	136153	2022	921	678	0.56	0.02	0.25	0.01	0.19	0.01
2.39	0.00	2.50	4.73	0.00	0.00	0.00	0.00	0.00	1525208	172199	101242	135450	2186	683	564	0.64	0.02	0.20	0.01	0.16	0.01
2.93	0.00	2.50	4.38	0.00	0.00	0.00	0.00	0.00	1539087	168756	102531	132828	2271	798	698	0.60	0.02	0.21	0.01	0.19	0.01
3.59	0.00	2.50	3.79	0.00	0.00	0.00	0.00	0.00	1536879	166679	106461	135643	2019	854	669	0.57	0.02	0.24	0.01	0.19	0.01
1.69	0.00	2.50	5.06	0.00	0.00	0.00	0.00	0.00	1535232	175649	97838	135098	2442	524	578	0.69	0.02	0.15	0.01	0.16	0.01
4.14	0.00	2.50	3.10	0.00	0.00	0.00	0.00	0.00	1545937	162716	108177	136827	1919	985	726	0.53	0.01	0.27	0.01	0.20	0.01
4.47	0.00	2.50	2.53	0.00	0.00	0.00	0.00	0.00	1539696	161301	109870	138116	1819	1027	768	0.50	0.01	0.28	0.01	0.21	0.01
4.78	0.00	2.50	1.79	0.00	0.00	0.00	0.00	0.00	1528527	160767	109579	137687	1728	1028	781	0.49	0.01	0.29	0.01	0.22	0.01
2.67	0.00	2.50	4.56	0.00	0.00	0.00	0.00	0.00	1542736	169669	102104	133489	2270	742	698	0.61	0.02	0.20	0.01	0.19	0.01
4.31	0.00	2.50	2.83	0.00	0.00	0.00	0.00	0.00	1536941	162071	109970	137172	1842	983	765	0.51	0.01	0.27	0.01	0.21	0.01
0.00	0.00	2.50	5.36	0.00	0.00	0.00	0.00	0.00	1546122	178040	93478	133433	2515	333	597	0.73	0.02	0.10	0.01	0.17	0.01
1.20	0.00	2.50	5.21	0.00	0.00	0.00	0.00	0.00	1545449	177094	96440	133198	2518	398	596	0.72	0.02	0.11	0.01	0.17	0.01
3.16	0.00	2.50	4.19	0.00	0.00	0.00	0.00	0.00	1543926	167873	102568	133878	2129	830	690	0.58	0.02	0.23	0.01	0.19	0.01
4.63	0.00	2.50	2.19	0.00	0.00	0.00	0.00	0.00	1537777	160086	110578	137098	1733	1065	798	0.48	0.01	0.30	0.01	0.22	0.01
2.07	0.00	2.50	4.90	0.00	0.00	0.00	0.00	0.00	1538704	172712	100229	134754	2336	616	595	0.66	0.02	0.17	0.01	0.17	0.01
3.97	0.00	2.50	3.34	0.00	0.00	0.00	0.00	0.00	1526002	163620	108651	138533	1874	933	666	0.54	0.02	0.27	0.01	0.19	0.01
2.93	0.00	2.50	4.19	0.00	0.00	0.00	0.00	0.00	1530873	163530	111903	135174	1851	1134	613	0.51	0.01	0.32	0.01	0.17	0.01
4.78	0.00	2.50	1.26	0.00	0.00	0.00	0.00	0.00	1531163	154604	116739	135283	1546	1372	661	0.43	0.01	0.38	0.01	0.18	0.01
2.39	0.00	2.50	4.56	0.00	0.00	0.00	0.00	0.00	1534538	165912	110049	135040	1889	1016	584	0.54	0.02	0.29	0.01	0.17	0.01
3.16	0.00	2.50	4.00	0.00	0.00	0.00	0.00	0.00	1541065	162163	113065	134166	1804	1191	670	0.49	0.01	0.32	0.01	0.18	0.01
2.67	0.00	2.50	4.38	0.00	0.00	0.00	0.00	0.00	1527868	165505	111780	135219	1957	1021	584	0.55	0.02	0.29	0.01	0.16	0.01
3.59	0.00	2.50	3.57	0.00	0.00	0.00	0.00	0.00	1503499	153907	110838	128731	1781	1249	645	0.48	0.01	0.34	0.01	0.18	0.01
4.93	0.00	2.50	0.00	0.00	0.00	0.00	0.00	0.00	1540777	155434	114918	135763	1548	1262	714	0.44	0.01	0.36	0.01	0.20	0.01
2.07	0.00	2.50	4.73	0.00	0.00	0.00	0.00	0.00	1540515	167845	108361	134230	1969	953	566	0.56	0.02	0.27	0.01	0.16	0.01
1.69	0.00	2.50	4.90	0.00	0.00	0.00	0.00	0.00	1534752	168921	106574	135169	2174	839	572	0.61	0.02	0.23	0.01	0.16	0.01
4.47	0.00	2.50	2.19	0.00	0.00	0.00	0.00	0.00	1542817	156273	117600	135737	1577	1379	634	0.44	0.01	0.38	0.01	0.18	0.01
3.78	0.00	2.50	3.34	0.00	0.00	0.00	0.00	0.00	1530625	160597	115556	136424	1821	1290	635	0.49	0.01	0.34	0.01	0.17	0.01
3.97	0.00	2.50	3.10	0.00	0.00	0.00	0.00	0.00	1542111	157125	115121	132903	1643	1313	638	0.46	0.01	0.37	0.01	0.18	0.01
4.31	0.00	2.50	2.53	0.00	0.00	0.00	0.00	0.00	1539218	156102	116575	134382	1615	1362	646	0.45	0.01	0.38	0.01	0.18	0.01
1.20	0.00	2.50	5.06	0.00	0.00	0.00	0.00	0.00	1539633	169842	103645	133034	2210	755	585	0.62	0.02	0.21	0.01	0.16	0.01
4.63	0.00	2.50	1.79	0.00	0.00	0.00	0.00	0.00	1534769	156004	118112	135793	1570	1390	693	0.43	0.01	0.38	0.01	0.19	0.01
3.38	0.00	2.50	3.79	0.00	0.00	0.00	0.00	0.00	1533106	162579	115114	136708	1775	1210	625	0.49	0.01	0.34	0.01	0.17	0.01
4.14	0.00	2.50	2.83	0.00	0.00	0.00	0.00	0.00	1531270	157949	116106	136155	1655	1299	655	0.46	0.01	0.36	0.01	0.18	0.01
0.00	0.00	2.50	5.21	0.00	0.00	0.00	0.00	0.00	1538047	174613	100920	132819	2419	647	587	0.66	0.02	0.18	0.01	0.16	0.01
1.20	0.00	2.50	4.90	0.00	0.00	0.00	0.00	0.00	1533967	164952	112317	135163	1954	1209	528	0.53	0.01	0.33	0.01	0.14	0.01
0.00	0.00	2.50	5.06	0.00	0.00	0.00	0.00	0.00	1540907	169516	109831	133034	2146	986	542	0.58	0.02	0.27	0.01	0.15	0.01
4.31	0.00	2.50	2.19	0.00	0.00	0.00	0.00	0.00	1589048	158153	127191	139882	1506	1664	631	0.40	0.01	0.44	0.01	0.17	0.01
4.14	0.00	2.50	2.53	0.00	0.00	0.00	0.00	0.00	1546399	153132	121373	133736	1548	1608	649	0.41	0.01	0.42	0.01	0.17	0.01
2.93	0.00	2.50	4.00	0.00	0.00	0.00	0.00	0.00	1535902	158641	120046	136853	1637	1442	620	0.44	0.01	0.39	0.01	0.17	0.01
3.97	0.00	2.50	2.83	0.00	0.00	0.00	0.00	0.00	1532669	155007	122632	135969	1588	1550	654	0.42	0.01	0.41	0.01	0.17	0.01
1.69	0.00	2.50	4.73	0.00	0.00	0.00	0.00	0.00	1534612	162533	114905	134841	1863	1221	582	0.51	0.01	0.33	0.01	0.16	0.01
2.39	0.00	2.50	4.38	0.00	0.00	0.00	0.00	0.00	1538964	161163	116870	133831	1889	1419	587	0.48	0.01	0.36	0.01	0.15	0.01
2.67	0.00	2.50	4.19	0.00	0.00	0.00	0.00	0.00	1535056	159953	118534	135317	1795	1488	633	0.46	0.01	0.38	0.01	0.16	0.01
4.78	0.00	2.50	0.00	0.00	0.00	0.00	0.00	0.00	1540340	153432	122835	134836	1468	1644	657	0.39	0.01	0.44	0.01	0.17	0.01
4.47	0.00	2.50	1.79	0.00	0.00	0.00	0.00	0.00	1537448	153472	123112	135442	1341	1645	634	0.37	0.01	0.45	0.01	0.18	0.01
3.16	0.00	2.50	3.79	0.00	0.00	0.00	0.00	0.00	1544123	156066	119511	132973	1620	1517	634	0.43	0.01	0.40	0.01	0.17	0.01
3.38	0.00	2.50	3.57	0.00	0.00	0.00	0.00	0.00	1544517	155563	120593	134337	1586	1547	623	0.42	0.01	0.41	0.01	0.17	0.01
3.78	0.00	2.50	3.10	0.00	0.00	0.00	0.00	0.00	1537277	154833	121715	133559	1566	1647	649	0.41	0.01	0.43	0.01	0.17	0.01
2.07	0.00	2.50	4.56	0.00	0.00	0.00	0.00	0.00	1534388	161685	116550	133408	1887	1417	635	0.48	0.01	0.36	0.01	0.16	0.01
3.59	0.00	2.50	3.34	0.00	0.00	0.00	0.00	0.00	1511162	155358	120174	133023	1552	1492	657	0.42	0.01	0.40	0.01	0.18	0.01
4.63	0.00	2.50	1.26	0.00	0.00	0.00	0.00	0.00	1540517	152711	124035	134795	1457	1598	651	0.39	0.01	0.43	0.01	0.18	0.01
2.93	0.00	2.50	3.79	0.00	0.00	0.00	0.00	0.00	1544767	153848	122923	135684	1592	1611	679	0.41	0.01	0.41	0.01	0.17	0.01
4.31	0.00	2.50	1.79	0.00	0.00	0.00	0.00	0.00	1543020	150035	123982	132561	1339	1730	627	0.36	0.01	0.47	0.01	0.17	0.01
3.59	0.00	2.50	3.10	0.00	0.00	0.00	0.00	0.00	1541141	151402	122338	133609	1375	1702	746	0.36	0.01	0.45	0.01	0.20	0.01
1.69	0.00	2.50	4.56	0.00	0.00	0.00	0.00	0.00	1546049	156341	118996	133747	1674	1520	653	0.44	0.01	0.40	0.01	0.17	0.01
1.20	0.00	2.50	4.73	0.00	0.00	0.00	0.00	0.00	1527991	161079	118171	135961	1806	1431	622	0.47	0.01	0.37	0.01	0.16	0.01
0.00	0.00	2.50	4.90	0.00	0.00	0.00	0.00	0.00	1518227	163067	114500	135477	1839	1243	532	0.51	0.01	0.34	0.01	0.15	0.01
2.67	0.00	2.50	4.00	0.00	0.00	0.00	0.00	0.00	1534387	154564	120512	134353	1557	1573	637	0.41	0.01	0.42	0.01	0.17	0.01
2.07	0.00	2.50	4.38	0.00	0.00	0.00	0.00	0.00	1528303	157060	119498	135758	1599	1464	624	0.43	0.01	0.40	0.01	0.17	0.01
2.39	0.00	2.50	4.19	0.00	0.00	0.00	0.00	0.00	1540709	156198	119774	134024	1670	1533	676	0.43	0.01	0.40	0.01	0.17	0.01
3.38	0.00	2.50	3.34	0.00	0.00	0.00	0.00	0.00	1489955	148275	119113	130162	1484	1575	651	0.40	0.01	0.42	0.01	0.18	0.01
3.16	0.00	2.50	3.57	0.00	0.00	0.00	0.00	0.00	1539032	153933	121433	135200	1448	1577	701	0.39	0.01	0.42	0.01	0.19	0.01
4.47	0.00	2.50	1.26	0.00	0.00	0.00	0.00	0.00	1545651	149985	124292	132253	1411	1810	641	0.37	0.01	0.47	0.01	0.17	0.01
4.63	0.00	2.50	0.00	0.00	0.00	0.00	0.00	0.00	1535976	150415	125137	133518	1380	1728	611	0.37	0.01	0.46	0.01	0.16	0.01
3.78	0.00	2.50	2.83	0.00	0.00	0.00	0.00	0.00	1532224	151990	122864	134771	1426	1652	690	0.38	0.01	0.44	0.01	0.18	0.01
3.97	0.00	2.50	2.53	0.00	0.00	0.00	0.00	0.00	1537584	151637	123126	133807	1496	1664	631	0.39	0.01	0.44	0.01	0.17	0.01
4.14	0.00	2.50	2.19	0.00	0.00	0.00	0.00	0.00	1542416	150647	123138	132290	1421	1769	644	0.37	0.01	0.46	0.01	0.17	0.01
1.20	0.00	2.50	4.56	0.00	0.00	0.00	0.00	0.00	1545633	153986	119462	135068	1567	1478	719	0.42	0.01	0.39	0.01	0.19	0.01
3.59	0.00	2.50	2.83	0.00	0.00	0.00	0.00	0.00	1548861	151479	121307	134101	1489	1653	731	0.38	0.01	0.43	0.01	0.19	0.01
2.67	0.00	2.50	3.79	0.00	0.00	0.00	0.00	0.00	1533115	154454	120794	138159	1476	1535	762	0.39	0.01	0.41	0.01	0.20	0.01
4.31	0.00	2.50	1.26	0.00	0.00	0.00	0.00	0.00	1539169	151737	122398	134571	1458	1671	676	0.38	0.01	0.44	0.01	0.18	0.01
1.69	0.00	2.50	4.38	0.00	0.00	0.00	0.00	0.00	1530706	155963	121068	138540	1495	1467	713	0.41	0.01	0.40	0.01	0.19	0.01
3.16	0.00	2.50	3.34	0.00	0.00	0.00	0.00	0.00	1537146	152545	120362	136470	1517	1483	687	0.41	0.01	0.40	0.01	0.19	0.01
2.93	0.00	2.50	3.57	0.00	0.00	0.00	0.00	0.00	1514532	153085	119653	138466	1377	1442	670	0.39	0.01	0.41	0.01	0.19	0.01
4.47	0.00	2.50	0.00	0.00	0.00	0.00	0.00	0.00	1531587	150785	123612	134881	1404	1751	551	0.38	0.01	0.47	0.01	0.15	0.01
2.39	0.00	2.50	4.00	0.00	0.00	0.00	0.00	0.00	1544283	153073	119955	136838	1497	1528	788	0.39	0.01	0.40	0.01	0.21	0.01
3.38	0.00	2.50	3.10	0.00	0.00	0.00	0.00	0.00	1545742	152512	120396	135129	1501	1573	727	0.39	0.01	0.41	0.01	0.19	0.01
4.14	0.00	2.50	1.79	0.00	0.00	0.00	0.00	0.00	1525198	153663	122186	136373	1435	1651	665	0.38	0.01	0.44	0.01	0.18	0.01
0.00	0.00	2.50	4.73	0.00	0.00	0.00	0.00	0.00	1528201	156856	118139	135701	1645	1458	674	0.44	0.01	0.39	0.01	0.18	0.01
3.78	0.00	2.50	2.53	0.00	0.00	0.00	0.00	0.00	1537606	153108	120767	135903	1525	1557	724	0.40	0.01	0.41	0.01	0.19	0.01
3.97	0.00	2.50	2.19	0.00	0.00	0.00	0.00	0.00	1543555	151996	120997	135263	1452	1569	737	0.39	0.01	0.42	0.01	0.20	0.01
2.07	0.00	2.50	4.19	0.00	0.00	0.00	0.00	0.00	1533091	154405	119701	138218	1514	1520	747	0.40	0.01	0.40	0.01	0.20	0.01
2.39	0.00	2.50	3.79	0.00	0.00	0.00	0.00	0.00	1533779	153949	115500	139728	1521	1318	807	0.42	0.01	0.36	0.01	0.22	0.01
3.38	0.00	2.50	2.83	0.00	0.00	0.00	0.00	0.00	1541212	154932	114977	137738	1620	1307	766	0.44	0.01	0.35	0.01	0.21	0.01
1.20	0.00	2.50	4.38	0.00	0.00	0.00	0.00	0.00	1548094	152276	115971	136332	1569	1453	829	0.41	0.01	0.38	0.01	0.22	0.01
3.78	0.00	2.50	2.19	0.00	0.00	0.00	0.00	0.00	1538474	154637	115656	136895	1548	1307	750	0.43	0.01	0.36	0.01	0.21	0.01
4.31	0.00	2.50	0.00	0.00	0.00	0.00	0.00	0.00	1534718	154113	118225	135900	1497	1469	685	0.41	0.01	0.40	0.01	0.19	0.01
4.14	0.00	2.50	1.26	0.00	0.00	0.00	0.00	0.00	1532033	155786	116686	136236	1537	1362	744	0.42	0.01	0.37	0.01	0.20	0.01
3.59	0.00	2.50	2.53	0.00	0.00	0.00	0.00	0.00	1540572	153838	114020	135633	1588	1366	777	0.43	0.01	0.37	0.01	0.21	0.01
2.67	0.00	2.50	3.57	0.00	0.00	0.00	0.00	0.00	1543840	154278	114648	139292	1528	1304	858	0.41	0.01	0.35	0.01	0.23	0.01
2.93	0.00	2.50	3.34	0.00	0.00	0.00	0.00	0.00	1541546	155592	114710	139349	1612	1275	793	0.44	0.01	0.35	0.01	0.22	0.01
3.16	0.00	2.50	3.10	0.00	0.00	0.00	0.00	0.00	1596403	158896	117065	140680	1589	1326	845	0.42	0.01	0.35	0.01	0.22	0.01
2.07	0.00	2.50	4.00	0.00	0.00	0.00	0.00	0.00	1547225	153412	114632	139495	1504	1314	816	0.41	0.01	0.36	0.01	0.22	0.01
0.00	0.00	2.50	4.56	0.00	0.00	0.00	0.00	0.00	1540801	153477	116480	137978	1517	1330	764	0.42	0.01	0.37	0.01	0.21	0.01
3.97	0.00	2.50	1.79	0.00	0.00	0.00	0.00	0.00	1530309	156061	114791	137121	1555	1309	752	0.43	0.01	0.36	0.01	0.21	0.01
1.69	0.00	2.50	4.19	0.00	0.00	0.00	0.00	0.00	1537735	152896	114792	138763	1455	1326	847	0.40	0.01	0.37	0.01	0.23	0.01
3.78	0.00	2.50	1.79	0.00	0.00	0.00	0.00	0.00	1532398	160234	108466	138660	1756	994	768	0.50	0.01	0.28	0.01	0.22	0.01
2.07	0.00	2.50	3.79	0.00	0.00	0.00	0.00	0.00	1550523	155866	108424	140197	1655	1020	932	0.46	0.01	0.28	0.01	0.26	0.01
3.59	0.00	2.50	2.19	0.00	0.00	0.00	0.00	0.00	1553227	160264	107390	138310	1822	941	813	0.51	0.01	0.26	0.01	0.23	0.01
3.97	0.00	2.50	1.26	0.00	0.00	0.00	0.00	0.00	1546720	160001	107972	136750	1825	968	775	0.51	0.01	0.27	0.01	0.22	0.01
1.20	0.00	2.50	4.19	0.00	0.00	0.00	0.00	0.00	1546831	153469	109865	140170	1514	1096	927	0.43	0.01	0.31	0.01	0.26	0.01
2.39	0.00	2.50	3.57	0.00	0.00	0.00	0.00	0.00	1549450	155825	107811	139710	1659	1008	928	0.46	0.01	0.28	0.01	0.26	0.01
1.69	0.00	2.50	4.00	0.00	0.00	0.00	0.00	0.00	1542165	155539	109591	141934	1550	1016	938	0.44	0.01	0.29	0.01	0.27	0.01
0.00	0.00	2.50	4.38	0.00	0.00	0.00	0.00	0.00	1532280	151945	112700	140618	1474	1152	959	0.41	0.01	0.32	0.01	0.27	0.01
2.93	0.00	2.50	3.10	0.00	0.00	0.00	0.00	0.00	1538852	157765	107697	139872	1682	950	869	0.48	0.01	0.27	0.01	0.25	0.01
4.14	0.00	2.50	0.00	0.00	0.00	0.00	0.00	0.00	1541163	157616	109923	136222	1606	1083	715	0.47	0.01	0.32	0.01	0.21	0.01
2.67	0.00	2.50	3.34	0.00	0.00	0.00	0.00	0.00	1548941	157956	107176	140690	1692	964	891	0.48	0.01	0.27	0.01	0.25	0.01
3.16	0.00	2.50	2.83	0.00	0.00	0.00	0.00	0.00	1551472	158123	106000	138554	1708	946	850	0.49	0.01	0.27	0.01	0.24	0.01
3.38	0.00	2.50	2.53	0.00	0.00	0.00	0.00	0.00	1531643	159799	106979	139123	1786	931	826	0.50	0.01	0.26	0.01	0.23	0.01
1.69	0.00	2.50	3.79	0.00	0.00	0.00	0.00	0.00	1545621	159471	101672	142834	1822	747	1006	0.51	0.01	0.21	0.01	0.28	0.01
3.59	0.00	2.50	1.79	0.00	0.00	0.00	0.00	0.00	1544161	165893	99771	138296	2023	610	812	0.59	0.02	0.18	0.01	0.24	0.01
3.97	0.00	2.50	0.00	0.00	0.00	0.00	0.00	0.00	1546778	163909	101591	137197	2016	763	789	0.57	0.02	0.21	0.01	0.22	0.01
0.00	0.00	2.50	4.19	0.00	0.00	0.00	0.00	0.00	1542333	155729	105089	143372	1570	862	1087	0.45	0.01	0.24	0.01	0.31	0.01
2.07	0.00	2.50	3.57	0.00	0.00	0.00	0.00	0.00	1540991	159851	101388	142570	1807	715	1000	0.51	0.01	0.20	0.01	0.28	0.01
1.20	0.00	2.50	4.00	0.00	0.00	0.00	0.00	0.00	1545927	157444	102796	143431	1650	792	1011	0.48	0.01	0.23	0.01	0.29	0.01
2.93	0.00	2.50	2.83	0.00	0.00	0.00	0.00	0.00	1544469	162837	99918	140775	1838	665	899	0.54	0.02	0.20	0.01	0.26	0.01
3.78	0.00	2.50	1.26	0.00	0.00	0.00	0.00	0.00	1535385	165737	101116	139118	1969	646	744	0.59	0.02	0.19	0.01	0.22	0.01
3.16	0.00	2.50	2.53	0.00	0.00	0.00	0.00	0.00	1535549	164274	100540	140748	1949	584	904	0.57	0.02	0.17	0.01	0.26	0.01
2.67	0.00	2.50	3.10	0.00	0.00	0.00	0.00	0.00	1539524	162502	99896	141403	1906	662	989	0.54	0.02	0.19	0.01	0.28	0.01
3.38	0.00	2.50	2.19	0.00	0.00	0.00	0.00	0.00	1540631	164608	99914	138295	1979	697	851	0.56	0.02	0.20	0.01	0.24	0.01
2.39	0.00	2.50	3.34	0.00	0.00	0.00	0.00	0.00	1538782	162285	100103	141662	1861	629	961	0.54	0.02	0.18	0.01	0.28	0.01
1.20	0.00	2.50	3.79	0.00	0.00	0.00	0.00	0.00	1539985	163446	96613	143281	1977	531	999	0.56	0.02	0.15	0.01	0.28	0.01
3.59	0.00	2.50	1.26	0.00	0.00	0.00	0.00	0.00	1552969	170545	93714	136429	2274	393	827	0.65	0.02	0.11	0.01	0.24	0.01
2.39	0.00	2.50	3.10	0.00	0.00	0.00	0.00	0.00	1553504	166555	93482	139377	2246	376	950	0.63	0.02	0.11	0.01	0.27	0.01
3.16	0.00	2.50	2.19	0.00	0.00	0.00	0.00	0.00	1553321	169569	93615	137274	2451	365	797	0.68	0.02	0.10	0.01	0.22	0.01
2.67	0.00	2.50	2.83	0.00	0.00	0.00	0.00	0.00	1540668	167896	93003	138437	2151	351	868	0.64	0.02	0.10	0.01	0.26	0.01
0.00	0.00	2.50	4.00	0.00	0.00	0.00	0.00	0.00	1542713	159395	98087	143375	1800	565	1106	0.52	0.02	0.16	0.01	0.32	0.01
1.69	0.00	2.50	3.57	0.00	0.00	0.00	0.00	0.00	1537090	164329	96086	142253	2026	496	1022	0.57	0.02	0.14	0.01	0.29	0.01
3.38	0.00	2.50	1.79	0.00	0.00	0.00	0.00	0.00	1542836	168776	93989	137232	2255	388	830	0.65	0.02	0.11	0.01	0.24	0.01
3.78	0.00	2.50	0.00	0.00	0.00	0.00	0.00	0.00	1548926	168327	95081	136034	2108	454	796	0.63	0.02	0.14	0.01	0.24	0.01
2.07	0.00	2.50	3.34	0.00	0.00	0.00	0.00	0.00	1537958	165734	95657	142868	2021	381	919	0.61	0.02	0.11	0.01	0.28	0.01
2.93	0.00	2.50	2.53	0.00	0.00	0.00	0.00	0.00	1545796	167869	93708	138658	2202	412	901	0.63	0.02	0.12	0.01	0.26	0.01
1.20	0.00	2.50	3.57	0.00	0.00	0.00	0.00	0.00	1542628	169100	91087	140141	2143	298	939	0.63	0.02	0.09	0.01	0.28	0.01
2.39	0.00	2.50	2.83	0.00	0.00	0.00	0.00	0.00	1545773	172159	90573	138018	2361	246	834	0.69	0.02	0.07	0.00	0.24	0.01
2.93	0.00	2.50	2.19	0.00	0.00	0.00	0.00	0.00	1543698	173572	89549	134292	2501	251	745	0.72	0.02	0.07	0.00	0.21	0.01
2.07	0.00	2.50	3.10	0.00	0.00	0.00	0.00	0.00	1540962	171993	91726	140120	2272	272	879	0.66	0.02	0.08	0.01	0.26	0.01
0.00	0.00	2.50	3.79	0.00	0.00	0.00	0.00	0.00	1546793	164470	91519	140912	2144	335	1119	0.60	0.02	0.09	0.01	0.31	0.01
3.38	0.00	2.50	1.26	0.00	0.00	0.00	0.00	0.00	1547512	173838	90318	133994	2458	243	683	0.73	0.02	0.07	0.00	0.20	0.01
1.69	0.00	2.50	3.34	0.00	0.00	0.00	0.00	0.00	1552042	169554	89894	137124	2357	272	956	0.66	0.02	0.08	0.00	0.27	0.01
2.67	0.00	2.50	2.53	0.00	0.00	0.00	0.00	0.00	1543271	173418	91517	138563	2307	230	752	0.70	0.02	0.07	0.00	0.23	0.01
3.16	0.00	2.50	1.79	0.00	0.00	0.00	0.00	0.00	1555049	174400	89457	133890	2510	228	723	0.73	0.02	0.07	0.00	0.21	0.01
3.59	0.00	2.50	0.00	0.00	0.00	0.00	0.00	0.00	1545660	174008	91392	134848	2481	263	756	0.71	0.02	0.08	0.00	0.22	0.01
2.07	0.00	2.50	2.83	0.00	0.00	0.00	0.00	0.00	1544446	176574	91672	135798	2557	235	681	0.74	0.02	0.07	0.00	0.20	0.01
3.16	0.00	2.50	1.26	0.00	0.00	0.00	0.00	0.00	1536214	179555	92215	133618	2491	235	540	0.76	0.02	0.07	0.00	0.17	0.01
2.39	0.00	2.50	2.53	0.00	0.00	0.00	0.00	0.00	1536354	177696	90706	133526	2547	250	682	0.73	0.02	0.07	0.00	0.20	0.01
2.67	0.00	2.50	2.19	0.00	0.00	0.00	0.00	0.00	1544528	177097	91276	133376	2539	237	638	0.74	0.02	0.07	0.00	0.19	0.01
3.38	0.00	2.50	0.00	0.00	0.00	0.00	0.00	0.00	1545411	178134	91268	133431	2563	232	623	0.75	0.02	0.07	0.00	0.18	0.01
1.20	0.00	2.50	3.34	0.00	0.00	0.00	0.00	0.00	1536002	174298	91249	137594	2480	227	781	0.71	0.02	0.07	0.00	0.22	0.01
1.69	0.00	2.50	3.10	0.00	0.00	0.00	0.00	0.00	1535465	175639	91282	136265	2411	193	691	0.73	0.02	0.06	0.00	0.21	0.01
0.00	0.00	2.50	3.57	0.00	0.00	0.00	0.00	0.00	1544321	172725	90445	138785	2381	222	878	0.68	0.02	0.06	0.00	0.25	0.01
2.93	0.00	2.50	1.79	0.00	0.00	0.00	0.00	0.00	1537351	178694	91959	133230	2587	229	615	0.75	0.02	0.07	0.00	0.18	0.01
3.16	0.00	2.50	0.00	0.00	0.00	0.00	0.00	0.00	1536795	180148	92692	128401	2759	323	436	0.78	0.02	0.09	0.01	0.12	0.01
2.93	0.00	2.50	1.26	0.00	0.00	0.00	0.00	0.00	1539480	179461	94136	129387	2659	371	406	0.77	0.02	0.11	0.01	0.12	0.01
1.20	0.00	2.50	3.10	0.00	0.00	0.00	0.00	0.00	1596260	184025	96052	136214	2678	368	599	0.73	0.02	0.10	0.01	0.16	0.01
2.39	0.00	2.50	2.19	0.00	0.00	0.00	0.00	0.00	1550415	179665	94725	130205	2620	382	462	0.76	0.02	0.11	0.01	0.13	0.01
2.07	0.00	2.50	2.53	0.00	0.00	0.00	0.00	0.00	1550553	178564	93685	128395	2660	392	485	0.75	0.02	0.11	0.01	0.14	0.01
2.67	0.00	2.50	1.79	0.00	0.00	0.00	0.00	0.00	1538831	180575	95621	130388	2738	397	379	0.78	0.02	0.11	0.01	0.11	0.01
0.00	0.00	2.50	3.34	0.00	0.00	0.00	0.00	0.00	1544421	177992	92859	135064	2719	299	691	0.73	0.02	0.08	0.00	0.19	0.01
1.69	0.00	2.50	2.83	0.00	0.00	0.00	0.00	0.00	1588941	185544	97956	137528	2684	372	548	0.74	0.02	0.10	0.01	0.15	0.01
2.67	0.00	2.50	1.26	0.00	0.00	0.00	0.00	0.00	1548801	179641	99663	124814	2690	654	279	0.74	0.02	0.18	0.01	0.08	0.00
2.07	0.00	2.50	2.19	0.00	0.00	0.00	0.00	0.00	1533982	179521	100969	128730	2548	618	317	0.73	0.02	0.18	0.01	0.09	0.01
1.69	0.00	2.50	2.53	0.00	0.00	0.00	0.00	0.00	1532059	180501	100296	128624	2672	612	351	0.74	0.02	0.17	0.01	0.10	0.01
1.20	0.00	2.50	2.83	0.00	0.00	0.00	0.00	0.00	1546518	179400	100082	129870	2708	562	416	0.73	0.02	0.15	0.01	0.11	0.01
2.93	0.00	2.50	0.00	0.00	0.00	0.00	0.00	0.00	1556740	180335	98556	126267	2781	632	254	0.76	0.02	0.17	0.01	0.07	0.00
0.00	0.00	2.50	3.10	0.00	0.00	0.00	0.00	0.00	1542049	179846	96991	129236	2648	514	424	0.74	0.02	0.14	0.01	0.12	0.01
2.39	0.00	2.50	1.79	0.00	0.00	0.00	0.00	0.00	1543469	180364	100541	127807	2735	614	301	0.75	0.02	0.17	0.01	0.08	0.00
0.00	0.00	2.50	2.83	0.00	0.00	0.00	0.00	0.00	1547142	177654	103989	126471	2601	837	336	0.69	0.02	0.22	0.01	0.09	0.01
2.07	0.00	2.50	1.79	0.00	0.00	0.00	0.00	0.00	1552122	174867	106519	126545	2565	930	274	0.68	0.02	0.25	0.01	0.07	0.00
1.69	0.00	2.50	2.19	0.00	0.00	0.00	0.00	0.00	1602934	182118	109568	129985	2543	910	257	0.69	0.02	0.25	0.01	0.07	0.00
1.20	0.00	2.50	2.53	0.00	0.00	0.00	0.00	0.00	1552888	175399	104941	124979	2580	918	264	0.69	0.02	0.24	0.01	0.07	0.00
2.67	0.00	2.50	0.00	0.00	0.00	0.00	0.00	0.00	1555077	177196	105130	123142	2700	868	253	0.71	0.02	0.23	0.01	0.07	0.00
2.39	0.00	2.50	1.26	0.00	0.00	0.00	0.00	0.00	1548911	176201	105334	123826	2539	954	268	0.68	0.02	0.25	0.01	0.07	0.00
2.07	0.00	2.50	1.26	0.00	0.00	0.00	0.00	0.00	1551966	169166	112201	126351	2218	1226	339	0.59	0.02	0.32	0.01	0.09	0.01
1.20	0.00	2.50	2.19	0.00	0.00	0.00	0.00	0.00	1541829	170700	112185	127097	2272	1171	339	0.60	0.02	0.31	0.01	0.09	0.01
0.00	0.00	2.50	2.53	0.00	0.00	0.00	0.00	0.00	1544520	172231	110372	126534	2391	1067	277	0.64	0.02	0.29	0.01	0.07	0.00
1.69	0.00	2.50	1.79	0.00	0.00	0.00	0.00	0.00	1547981	169916	111723	127358	2232	1122	342	0.60	0.02	0.30	0.01	0.09	0.01
2.39	0.00	2.50	0.00	0.00	0.00	0.00	0.00	0.00	1550666	171744	111148	127233	2330	1176	317	0.61	0.02	0.31	0.01	0.08	0.00
0.00	0.00	2.50	2.19	0.00	0.00	0.00	0.00	0.00	1555574	162884	114340	127747	1970	1345	477	0.52	0.01	0.35	0.01	0.13	0.01
2.07	0.00	2.50	0.00	0.00	0.00	0.00	0.00	0.00	1553041	163148	115013	130819	1930	1375	524	0.50	0.01	0.36	0.01	0.14	0.01
1.69	0.00	2.50	1.26	0.00	0.00	0.00	0.00	0.00	1556205	160851	114616	130963	1943	1290	533	0.52	0.01	0.34	0.01	0.14	0.01
1.20	0.00	2.50	1.79	0.00	0.00	0.00	0.00	0.00	1549319	161319	114958	131628	1844	1271	532	0.51	0.01	0.35	0.01	0.15	0.01
1.20	0.00	2.50	1.26	0.00	0.00	0.00	0.00	0.00	1542017	154748	116259	141003	1422	1341	857	0.39	0.01	0.37	0.01	0.24	0.01
1.69	0.00	2.50	0.00	0.00	0.00	0.00	0.00	0.00	1541160	154128	116145	141116	1525	1260	871	0.42	0.01	0.34	0.01	0.24	0.01
0.00	0.00	2.50	1.79	0.00	0.00	0.00	0.00	0.00	1549123	154839	115921	137586	1532	1370	830	0.41	0.01	0.37	0.01	0.22	0.01
0.00	0.00	2.50	1.26	0.00	0.00	0.00	0.00	0.00	1546670	145286	113832	149222	1094	1182	1222	0.31	0.01	0.34	0.01	0.35	0.01
1.20	0.00	2.50	0.00	0.00	0.00	0.00	0.00	0.00	1556738	144000	111708	147361	1076	1223	1289	0.30	0.01	0.34	0.01	0.36	0.01
0.00	0.00	2.50	0.00	0.00	0.00	0.00	0.00	0.00	1541078	138724	108372	158348	746	971	1619	0.22	0.01	0.29	0.01	0.49	0.01
