0.307400	0.449500	0.243100	0.301200	0.450100	0.248700	0.306400	0.452000	0.241600	0.312400	0.449600	0.238000	0.328200	0.450200	0.221600	0.319500	0.449700	0.230800	0.333600	0.447600	0.218800	0.337400	0.443400	0.219200	0.331800	0.447100	0.221100	0.331300	0.448800	0.219900	0.342100	0.440100	0.217800	0.334800	0.449100	0.216100	0.333900	0.452700	0.213400	0.347700	0.443200	0.209100	0.331300	0.452000	0.216700	0.347200	0.445300	0.207500	0.350700	0.436800	0.212500	0.350200	0.448200	0.201600	0.350500	0.442300	0.207200	0.345500	0.450000	0.204500
0.297300	0.498300	0.204400	0.302700	0.500000	0.197300	0.295900	0.493900	0.210200	0.302400	0.488600	0.209000	0.306100	0.495100	0.198800	0.303700	0.502600	0.193700	0.313500	0.495800	0.190700	0.315300	0.491100	0.193600	0.311000	0.486600	0.202400	0.322400	0.477900	0.199700	0.320100	0.486100	0.193800	0.328400	0.486200	0.185400	0.324800	0.484700	0.190500	0.331600	0.475600	0.192800	0.330600	0.482400	0.187000	0.335300	0.472300	0.192400	0.325600	0.487200	0.187200	0.333900	0.480200	0.185900	0.335600	0.473800	0.190600	0.335300	0.478500	0.186200
0.294900	0.528000	0.177100	0.286600	0.537300	0.176100	0.299800	0.525500	0.174700	0.293400	0.542500	0.164100	0.304400	0.524200	0.171400	0.293700	0.537900	0.168400	0.296700	0.528400	0.174900	0.294700	0.535500	0.169800	0.308400	0.522200	0.169400	0.312400	0.523900	0.163700	0.312200	0.519300	0.168500	0.309600	0.518000	0.172400	0.304600	0.531700	0.163700	0.326200	0.507600	0.166200	0.311800	0.518200	0.170000	0.317200	0.511500	0.171300	0.320500	0.511800	0.167700	0.325100	0.512300	0.162600	0.322400	0.510200	0.167400	0.317100	0.518800	0.164100
0.283900	0.575700	0.140400	0.283100	0.575300	0.141600	0.291300	0.569700	0.139000	0.286300	0.575800	0.137900	0.287400	0.570300	0.142300	0.284000	0.566900	0.149100	0.278700	0.571700	0.149600	0.296400	0.564700	0.138900	0.289200	0.568100	0.142700	0.296500	0.565400	0.138100	0.288800	0.570000	0.141200	0.290900	0.568800	0.140300	0.295600	0.565300	0.139100	0.301100	0.562700	0.136200	0.296400	0.560200	0.143400	0.303300	0.552100	0.144600	0.304900	0.557600	0.137500	0.296400	0.561200	0.142400	0.295300	0.557500	0.147200	0.300400	0.552300	0.147300
0.275800	0.607500	0.116700	0.276400	0.613100	0.110500	0.273200	0.617000	0.109800	0.276200	0.607000	0.116800	0.268200	0.616200	0.115600	0.275000	0.605800	0.119200	0.273300	0.605300	0.121400	0.282000	0.606800	0.111200	0.267400	0.620500	0.112100	0.274700	0.600400	0.124900	0.275200	0.602700	0.122100	0.283100	0.590000	0.126900	0.282300	0.600600	0.117100	0.276600	0.600000	0.123400	0.278000	0.601800	0.120200	0.270500	0.605200	0.124300	0.277200	0.601300	0.121500	0.276700	0.605100	0.118200	0.278500	0.597300	0.124200	0.276600	0.601700	0.121700
0.267500	0.653600	0.078900	0.257900	0.654600	0.087500	0.253700	0.662800	0.083500	0.262600	0.644800	0.092600	0.249900	0.661500	0.088600	0.257900	0.654400	0.087700	0.258900	0.644500	0.096600	0.251200	0.657800	0.091000	0.257300	0.648000	0.094700	0.249100	0.649900	0.101000	0.255300	0.641700	0.103000	0.250800	0.651500	0.097700	0.266800	0.638100	0.095100	0.255400	0.648900	0.095700	0.255200	0.642800	0.102000	0.251300	0.641800	0.106900	0.251500	0.645300	0.103200	0.261200	0.642200	0.096600	0.258700	0.647300	0.094000	0.258400	0.641200	0.100400
0.249000	0.693200	0.057800	0.245900	0.690700	0.063400	0.244300	0.693400	0.062300	0.238600	0.697200	0.064200	0.244600	0.690700	0.064700	0.240400	0.689100	0.070500	0.244000	0.685100	0.070900	0.232100	0.695600	0.072300	0.236500	0.691200	0.072300	0.225500	0.697400	0.077100	0.242700	0.682000	0.075300	0.243500	0.681000	0.075500	0.230700	0.690900	0.078400	0.232500	0.690200	0.077300	0.225500	0.693000	0.081500	0.232100	0.684000	0.083900	0.230700	0.685500	0.083800	0.235000	0.681200	0.083800	0.227400	0.695800	0.076800	0.230800	0.686300	0.082900
0.241100	0.719300	0.039600	0.234100	0.724700	0.041200	0.216800	0.742500	0.040700	0.225200	0.734200	0.040600	0.222500	0.734600	0.042900	0.221900	0.725100	0.053000	0.218100	0.731600	0.050300	0.212100	0.734300	0.053600	0.210300	0.733800	0.055900	0.220300	0.725800	0.053900	0.213600	0.731300	0.055100	0.214800	0.726100	0.059100	0.212600	0.723600	0.063800	0.209600	0.730200	0.060200	0.213700	0.728400	0.057900	0.206400	0.730300	0.063300	0.210800	0.720600	0.068600	0.202600	0.729500	0.067900	0.211500	0.722200	0.066300	0.211500	0.724900	0.063600
0.220400	0.758700	0.020900	0.216500	0.763100	0.020400	0.213300	0.759000	0.027700	0.213700	0.758100	0.028200	0.200200	0.767600	0.032200	0.193400	0.775300	0.031300	0.204000	0.762000	0.034000	0.194000	0.767800	0.038200	0.193700	0.767200	0.039100	0.185600	0.771900	0.042500	0.188200	0.771400	0.040400	0.189800	0.765700	0.044500	0.191000	0.765400	0.043600	0.184600	0.768700	0.046700	0.179600	0.771700	0.048700	0.186700	0.767100	0.046200	0.188800	0.764400	0.046800	0.193900	0.756100	0.050000	0.187100	0.764800	0.048100	0.186100	0.764000	0.049900
0.207500	0.782700	0.009800	0.193200	0.796100	0.010700	0.189600	0.797800	0.012600	0.185600	0.800000	0.014400	0.180600	0.802500	0.016900	0.183700	0.795800	0.020500	0.178000	0.798800	0.023200	0.163100	0.812300	0.024600	0.172400	0.802000	0.025600	0.165300	0.805800	0.028900	0.168900	0.806800	0.024300	0.168900	0.802700	0.028400	0.159200	0.807300	0.033500	0.167900	0.800000	0.032100	0.166300	0.797500	0.036200	0.166500	0.799200	0.034300	0.163000	0.800300	0.036700	0.164000	0.798200	0.037800	0.163600	0.798400	0.038000	0.163800	0.794500	0.041700
0.181000	0.816500	0.002500	0.175000	0.821100	0.003900	0.167500	0.827200	0.005300	0.167400	0.823900	0.008700	0.158000	0.834900	0.007100	0.157500	0.831800	0.010700	0.157700	0.828400	0.013900	0.150200	0.834700	0.015100	0.149700	0.831700	0.018600	0.141800	0.838700	0.019500	0.146500	0.835000	0.018500	0.138100	0.836900	0.025000	0.139900	0.834800	0.025300	0.139100	0.835500	0.025400	0.140400	0.833200	0.026400	0.141500	0.831800	0.026700	0.138800	0.832100	0.029100	0.144300	0.826700	0.029000	0.137100	0.836500	0.026400	0.142300	0.828300	0.029400
0.162900	0.835700	0.001400	0.160500	0.836500	0.003000	0.154500	0.840900	0.004600	0.150600	0.844800	0.004600	0.142700	0.850500	0.006800	0.142600	0.847600	0.009800	0.139400	0.851500	0.009100	0.136100	0.851900	0.012000	0.132100	0.855300	0.012600	0.131600	0.852200	0.016200	0.118000	0.863800	0.018200	0.125100	0.856500	0.018400	0.121100	0.859500	0.019400	0.118600	0.860000	0.021400	0.116200	0.862600	0.021200	0.121000	0.855900	0.023100	0.117200	0.858800	0.024000	0.120100	0.854800	0.025100	0.121500	0.855300	0.023200	0.124100	0.852900	0.023000
0.149900	0.842900	0.007200	0.148200	0.845900	0.005900	0.139400	0.851500	0.009100	0.131500	0.859800	0.008700	0.125700	0.865200	0.009100	0.121400	0.869700	0.008900	0.117900	0.871500	0.010600	0.119000	0.870700	0.010300	0.114300	0.873400	0.012300	0.111600	0.872800	0.015600	0.110500	0.873500	0.016000	0.114000	0.869500	0.016500	0.109300	0.872800	0.017900	0.105900	0.872400	0.021700	0.108700	0.869300	0.022000	0.100400	0.880900	0.018700	0.100100	0.878400	0.021500	0.102100	0.877100	0.020800	0.103700	0.876200	0.020100	0.104800	0.873800	0.021400
0.133000	0.849300	0.017700	0.130100	0.851900	0.018000	0.125200	0.859100	0.015700	0.119800	0.864100	0.016100	0.114700	0.870000	0.015300	0.104600	0.878200	0.017200	0.109100	0.874400	0.016500	0.100900	0.882300	0.016800	0.099800	0.882600	0.017600	0.095000	0.885400	0.019600	0.096800	0.884700	0.018500	0.092400	0.886100	0.021500	0.094300	0.883000	0.022700	0.091800	0.885000	0.023200	0.086900	0.887100	0.026000	0.083200	0.893000	0.023800	0.091000	0.884700	0.024300	0.092400	0.879100	0.028500	0.086700	0.887900	0.025400	0.085500	0.888900	0.025600
0.122800	0.841800	0.035400	0.111400	0.854300	0.034300	0.114400	0.856400	0.029200	0.103700	0.866700	0.029600	0.099200	0.872900	0.027900	0.096200	0.875300	0.028500	0.094600	0.878800	0.026600	0.091300	0.881700	0.027000	0.089000	0.883900	0.027100	0.089000	0.884600	0.026400	0.079600	0.894200	0.026200	0.082500	0.888400	0.029100	0.082700	0.888200	0.029100	0.076100	0.894600	0.029300	0.076600	0.894500	0.028900	0.073100	0.895200	0.031700	0.073500	0.896800	0.029700	0.073400	0.896200	0.030400	0.075000	0.895900	0.029100	0.071500	0.900200	0.028300
0.109300	0.834600	0.056100	0.107600	0.839400	0.053000	0.106200	0.841400	0.052400	0.096400	0.856100	0.047500	0.092400	0.860100	0.047500	0.092500	0.864300	0.043200	0.084100	0.876100	0.039800	0.086000	0.872700	0.041300	0.076100	0.883400	0.040500	0.078900	0.880500	0.040600	0.073400	0.886400	0.040200	0.069600	0.892500	0.037900	0.070800	0.885000	0.044200	0.070300	0.886700	0.043000	0.073400	0.884100	0.042500	0.066400	0.893500	0.040100	0.067000	0.894300	0.038700	0.064300	0.893700	0.042000	0.064900	0.894300	0.040800	0.063900	0.892500	0.043600
0.103400	0.813400	0.083200	0.103400	0.819200	0.077400	0.088400	0.838700	0.072900	0.090100	0.842400	0.067500	0.084500	0.846700	0.068800	0.080100	0.853000	0.066900	0.082300	0.854200	0.063500	0.080700	0.858600	0.060700	0.077700	0.862700	0.059600	0.076800	0.868800	0.054400	0.067400	0.882800	0.049800	0.068300	0.876500	0.055200	0.065200	0.880400	0.054400	0.069000	0.875500	0.055500	0.065700	0.878300	0.056000	0.069800	0.877300	0.052900	0.064400	0.883100	0.052500	0.058200	0.890600	0.051200	0.063500	0.881300	0.055200	0.062400	0.883800	0.053800
0.092100	0.792900	0.115000	0.087300	0.805200	0.107500	0.088500	0.809700	0.101800	0.090000	0.810500	0.099500	0.083100	0.822800	0.094100	0.082700	0.828500	0.088800	0.079300	0.837800	0.082900	0.075000	0.839300	0.085700	0.070000	0.847600	0.082400	0.070800	0.853500	0.075700	0.069200	0.852800	0.078000	0.075500	0.848200	0.076300	0.068600	0.858200	0.073200	0.066500	0.856400	0.077100	0.066900	0.863700	0.069400	0.065700	0.860300	0.074000	0.066700	0.861200	0.072100	0.067300	0.860800	0.071900	0.060500	0.872300	0.067200	0.064300	0.861900	0.073800
0.092900	0.762900	0.144200	0.092000	0.761400	0.146600	0.079800	0.783200	0.137000	0.091200	0.781000	0.127800	0.083600	0.796700	0.119700	0.086400	0.802700	0.110900	0.079100	0.812600	0.108300	0.076800	0.814200	0.109000	0.081500	0.815500	0.103000	0.071400	0.826300	0.102300	0.074400	0.823400	0.102200	0.072100	0.834300	0.093600	0.067500	0.839900	0.092600	0.072200	0.835000	0.092800	0.065500	0.842700	0.091800	0.066200	0.842900	0.090900	0.069700	0.839400	0.090900	0.073200	0.837700	0.089100	0.071200	0.837500	0.091300	0.070700	0.838300	0.091000
0.088100	0.725300	0.186600	0.089900	0.735900	0.174200	0.093000	0.741200	0.165800	0.089300	0.748600	0.162100	0.087100	0.762800	0.150100	0.086300	0.763100	0.150600	0.088700	0.779200	0.132100	0.083000	0.779600	0.137400	0.082500	0.785800	0.131700	0.083200	0.788800	0.128000	0.081000	0.795600	0.123400	0.075100	0.801700	0.123200	0.082900	0.796100	0.121000	0.071600	0.805800	0.122600	0.074900	0.802500	0.122600	0.081500	0.801000	0.117500	0.080100	0.801400	0.118500	0.077900	0.809100	0.113000	0.080400	0.802500	0.117100	0.079600	0.812100	0.108300
