0.302300	0.454100	0.243600	0.306000	0.459700	0.234300	0.310400	0.452200	0.237400	0.307700	0.456000	0.236300	0.316900	0.452700	0.230400	0.328300	0.451700	0.220000	0.317900	0.444300	0.237800	0.326400	0.447400	0.226200	0.324400	0.456600	0.219000	0.340000	0.447500	0.212500	0.330400	0.443700	0.225900	0.342200	0.447600	0.210200	0.341600	0.441100	0.217300	0.338800	0.444500	0.216700	0.341700	0.447000	0.211300	0.336800	0.454700	0.208500	0.343400	0.449800	0.206800	0.349000	0.447400	0.203600	0.344100	0.448200	0.207700	0.348200	0.437400	0.214400
0.306000	0.487600	0.206400	0.308200	0.483800	0.208000	0.303900	0.491700	0.204400	0.311600	0.489000	0.199400	0.301000	0.497600	0.201400	0.313800	0.484100	0.202100	0.314500	0.492700	0.192800	0.316200	0.491900	0.191900	0.315900	0.492900	0.191200	0.329300	0.472900	0.197800	0.327200	0.478500	0.194300	0.329800	0.477100	0.193100	0.328400	0.484800	0.186800	0.330600	0.477700	0.191700	0.329800	0.483500	0.186700	0.344200	0.471400	0.184400	0.334300	0.472400	0.193300	0.333900	0.477800	0.188300	0.332900	0.477400	0.189700	0.331600	0.483200	0.185200
0.291000	0.539300	0.169700	0.298400	0.523000	0.178600	0.290000	0.528500	0.181500	0.298000	0.528700	0.173300	0.306900	0.523200	0.169900	0.295800	0.536300	0.167900	0.308700	0.523300	0.168000	0.302600	0.532400	0.165000	0.312900	0.516800	0.170300	0.310700	0.520900	0.168400	0.310400	0.525400	0.164200	0.309500	0.529200	0.161300	0.308200	0.523200	0.168600	0.323400	0.509200	0.167400	0.315600	0.519200	0.165200	0.317300	0.518600	0.164100	0.319100	0.511400	0.169500	0.318000	0.511900	0.170100	0.310900	0.525600	0.163500	0.315500	0.518200	0.166300
0.285400	0.574400	0.140200	0.281900	0.572800	0.145300	0.283100	0.580000	0.136900	0.287000	0.567000	0.146000	0.287100	0.562500	0.150400	0.288200	0.568200	0.143600	0.291600	0.568300	0.140100	0.298000	0.554400	0.147600	0.292700	0.560300	0.147000	0.287800	0.567700	0.144500	0.295800	0.560200	0.144000	0.297700	0.564700	0.137600	0.292300	0.565000	0.142700	0.303800	0.552400	0.143800	0.297500	0.566200	0.136300	0.292400	0.559300	0.148300	0.302500	0.555600	0.141900	0.306700	0.552800	0.140500	0.298500	0.554300	0.147200	0.304400	0.552600	0.143000
0.274300	0.615300	0.110400	0.277200	0.608500	0.114300	0.271600	0.616700	0.111700	0.270000	0.609000	0.121000	0.272200	0.607700	0.120100	0.267300	0.621900	0.110800	0.276900	0.609500	0.113600	0.268900	0.605900	0.125200	0.280900	0.603300	0.115800	0.273900	0.607500	0.118600	0.269000	0.608700	0.122300	0.280600	0.597400	0.122000	0.271500	0.609600	0.118900	0.275000	0.606500	0.118500	0.280700	0.600700	0.118600	0.279600	0.600700	0.119700	0.275900	0.605600	0.118500	0.286200	0.591400	0.122400	0.276000	0.603200	0.120800	0.278900	0.589300	0.131800
0.268600	0.650800	0.080600	0.259000	0.655200	0.085800	0.268600	0.646100	0.085300	0.246800	0.664000	0.089200	0.257800	0.651200	0.091000	0.258800	0.649400	0.091800	0.261400	0.643600	0.095000	0.257300	0.647100	0.095600	0.248600	0.652500	0.098900	0.256000	0.646800	0.097200	0.247400	0.654600	0.098000	0.251100	0.646800	0.102100	0.255300	0.650900	0.093800	0.254900	0.646000	0.099100	0.253600	0.642900	0.103500	0.259900	0.642800	0.097300	0.252500	0.647800	0.099700	0.258100	0.646400	0.095500	0.248700	0.650600	0.100700	0.254800	0.642400	0.102800
0.248100	0.688700	0.063200	0.252100	0.687700	0.060200	0.234300	0.698900	0.066800	0.239500	0.695800	0.064700	0.232500	0.700400	0.067100	0.246000	0.684700	0.069300	0.233400	0.695800	0.070800	0.232300	0.695500	0.072200	0.232900	0.694600	0.072500	0.230900	0.696700	0.072400	0.233400	0.687200	0.079400	0.233600	0.691300	0.075100	0.238800	0.684200	0.077000	0.235700	0.685400	0.078900	0.225300	0.696500	0.078200	0.240100	0.677500	0.082400	0.241700	0.677200	0.081100	0.235700	0.685600	0.078700	0.231000	0.688100	0.080900	0.234800	0.682500	0.082700
0.233800	0.729600	0.036600	0.236500	0.722900	0.040600	0.226400	0.731200	0.042400	0.226800	0.730100	0.043100	0.218300	0.740200	0.041500	0.219400	0.731600	0.049000	0.218900	0.729000	0.052100	0.211100	0.731900	0.057000	0.218500	0.728000	0.053500	0.211500	0.732200	0.056300	0.216000	0.724400	0.059600	0.209700	0.732800	0.057500	0.205900	0.733000	0.061100	0.206600	0.730800	0.062600	0.208900	0.728400	0.062700	0.210500	0.732300	0.057200	0.204700	0.730400	0.064900	0.203400	0.729200	0.067400	0.216300	0.718400	0.065300	0.206600	0.724700	0.068700
0.215600	0.766300	0.018100	0.209200	0.768100	0.022700	0.199900	0.775200	0.024900	0.207700	0.763100	0.029200	0.197400	0.774000	0.028600	0.195400	0.770900	0.033700	0.188500	0.778200	0.033300	0.191600	0.773700	0.034700	0.189800	0.772300	0.037900	0.185600	0.771500	0.042900	0.188000	0.769500	0.042500	0.190000	0.765400	0.044600	0.181900	0.774900	0.043200	0.194300	0.760600	0.045100	0.188500	0.761900	0.049600	0.179900	0.774200	0.045900	0.190400	0.759500	0.050100	0.193000	0.757600	0.049400	0.188000	0.762600	0.049400	0.183200	0.765700	0.051100
0.197600	0.793000	0.009400	0.198400	0.789500	0.012100	0.183900	0.802600	0.013500	0.187400	0.796500	0.016100	0.179600	0.802800	0.017600	0.177500	0.803000	0.019500	0.174800	0.802400	0.022800	0.183100	0.793900	0.023000	0.171300	0.804400	0.024300	0.171700	0.800600	0.027700	0.169300	0.800300	0.030400	0.171100	0.795600	0.033300	0.165500	0.798100	0.036400	0.165200	0.801200	0.033600	0.163500	0.800900	0.035600	0.164000	0.800600	0.035400	0.161500	0.801600	0.036900	0.163700	0.801200	0.035100	0.163600	0.799500	0.036900	0.162900	0.802300	0.034800
0.175600	0.821200	0.003200	0.172800	0.822900	0.004300	0.170100	0.824600	0.005300	0.166300	0.826100	0.007600	0.161900	0.827600	0.010500	0.156400	0.831700	0.011900	0.160900	0.826000	0.013100	0.151600	0.831700	0.016700	0.151300	0.832100	0.016600	0.146800	0.832700	0.020500	0.144900	0.832600	0.022500	0.145700	0.830200	0.024100	0.139600	0.837800	0.022600	0.142100	0.833800	0.024100	0.142500	0.830100	0.027400	0.137700	0.835100	0.027200	0.144200	0.827300	0.028500	0.136700	0.832900	0.030400	0.142100	0.830100	0.027800	0.144600	0.825200	0.030200
0.167100	0.830800	0.002100	0.154500	0.842500	0.003000	0.152400	0.842900	0.004700	0.147900	0.846800	0.005300	0.143700	0.849500	0.006800	0.141000	0.850300	0.008700	0.139000	0.850900	0.010100	0.130000	0.858500	0.011500	0.133200	0.853100	0.013700	0.127500	0.858000	0.014500	0.129600	0.852100	0.018300	0.124100	0.856100	0.019800	0.121800	0.861500	0.016700	0.120500	0.857900	0.021600	0.127000	0.850100	0.022900	0.115200	0.862000	0.022800	0.118200	0.859100	0.022700	0.114600	0.861500	0.023900	0.120900	0.854300	0.024800	0.119200	0.856200	0.024600
0.155300	0.835900	0.008800	0.141200	0.851900	0.006900	0.132600	0.860400	0.007000	0.136300	0.855800	0.007900	0.128700	0.862900	0.008400	0.121300	0.868800	0.009900	0.118900	0.872100	0.009000	0.114900	0.872500	0.012600	0.113900	0.872100	0.014000	0.103100	0.880900	0.016000	0.110400	0.872700	0.016900	0.102000	0.879800	0.018200	0.102000	0.881800	0.016200	0.102100	0.879300	0.018600	0.108500	0.869100	0.022400	0.102600	0.876700	0.020700	0.099500	0.878000	0.022500	0.098700	0.879100	0.022200	0.098600	0.881700	0.019700	0.099500	0.881600	0.018900
0.136500	0.846400	0.017100	0.129200	0.853000	0.017800	0.125200	0.861800	0.013000	0.121000	0.865700	0.013300	0.112300	0.871200	0.016500	0.108700	0.872000	0.019300	0.111600	0.872100	0.016300	0.104900	0.878200	0.016900	0.098100	0.885500	0.016400	0.093100	0.887700	0.019200	0.093100	0.885600	0.021300	0.091200	0.889000	0.019800	0.088700	0.890900	0.020400	0.087000	0.890100	0.022900	0.085700	0.890900	0.023400	0.087400	0.889000	0.023600	0.087600	0.889700	0.022700	0.087400	0.887900	0.024700	0.083900	0.888400	0.027700	0.087100	0.885400	0.027500
0.123700	0.838300	0.038000	0.120000	0.848300	0.031700	0.107800	0.862700	0.029500	0.104200	0.864600	0.031200	0.105300	0.870900	0.023800	0.097600	0.876700	0.025700	0.097100	0.876100	0.026800	0.089200	0.885100	0.025700	0.088300	0.883500	0.028200	0.085300	0.887800	0.026900	0.088500	0.887200	0.024300	0.083900	0.884600	0.031500	0.077800	0.894600	0.027600	0.075100	0.898200	0.026700	0.074300	0.892500	0.033200	0.073300	0.895900	0.030800	0.076700	0.891600	0.031700	0.070200	0.896600	0.033200	0.075700	0.890200	0.034100	0.072800	0.897700	0.029500
0.114200	0.827700	0.058100	0.102700	0.844300	0.053000	0.102100	0.845900	0.052000	0.094200	0.857100	0.048700	0.094000	0.860400	0.045600	0.089800	0.867300	0.042900	0.087600	0.870600	0.041800	0.082700	0.874100	0.043200	0.080600	0.878400	0.041000	0.079300	0.881200	0.039500	0.073700	0.888700	0.037600	0.075000	0.882900	0.042100	0.071800	0.888200	0.040000	0.062800	0.895500	0.041700	0.071800	0.885300	0.042900	0.061200	0.897100	0.041700	0.072700	0.886700	0.040600	0.069500	0.887100	0.043400	0.068200	0.892400	0.039400	0.063000	0.898300	0.038700
0.099000	0.814700	0.086300	0.101800	0.820600	0.077600	0.091700	0.833100	0.075200	0.092700	0.835200	0.072100	0.085900	0.847700	0.066400	0.083100	0.852500	0.064400	0.079800	0.857500	0.062700	0.078100	0.861100	0.060800	0.072100	0.869200	0.058700	0.068200	0.874500	0.057300	0.069300	0.876100	0.054600	0.073300	0.869800	0.056900	0.065600	0.875500	0.058900	0.065700	0.879700	0.054600	0.066800	0.880100	0.053100	0.069100	0.875900	0.055000	0.063400	0.880500	0.056100	0.065300	0.876900	0.057800	0.062200	0.882200	0.055600	0.059100	0.887300	0.053600
0.095300	0.787800	0.116900	0.091500	0.802400	0.106100	0.090500	0.811400	0.098100	0.085400	0.817600	0.097000	0.083300	0.826800	0.089900	0.077000	0.832500	0.090500	0.073400	0.837800	0.088800	0.079000	0.839200	0.081800	0.072300	0.847200	0.080500	0.071300	0.850800	0.077900	0.070300	0.852900	0.076800	0.070500	0.854800	0.074700	0.071800	0.851900	0.076300	0.063800	0.861500	0.074700	0.062000	0.863600	0.074400	0.061700	0.865000	0.073300	0.064700	0.863200	0.072100	0.066400	0.862000	0.071600	0.066600	0.860200	0.073200	0.065700	0.859800	0.074500
0.093700	0.755300	0.151000	0.093100	0.767000	0.139900	0.090900	0.778900	0.130200	0.085500	0.793500	0.121000	0.082000	0.792900	0.125100	0.080700	0.798000	0.121300	0.083000	0.803100	0.113900	0.079100	0.816100	0.104800	0.081200	0.817700	0.101100	0.071100	0.829600	0.099300	0.074500	0.822900	0.102600	0.073200	0.828300	0.098500	0.072400	0.829100	0.098500	0.070300	0.828400	0.101300	0.069100	0.838700	0.092200	0.068600	0.839000	0.092400	0.072400	0.836600	0.091000	0.062500	0.843400	0.094100	0.065900	0.843000	0.091100	0.070500	0.839800	0.089700
0.086800	0.728200	0.185000	0.094300	0.729800	0.175900	0.094100	0.745200	0.160700	0.090400	0.751800	0.157800	0.087600	0.761900	0.150500	0.089900	0.763000	0.147100	0.084600	0.773900	0.141500	0.085900	0.777300	0.136800	0.083200	0.786800	0.130000	0.082300	0.790700	0.127000	0.075200	0.804800	0.120000	0.074000	0.804500	0.121500	0.077300	0.803000	0.119700	0.080700	0.807800	0.111500	0.076700	0.803800	0.119500	0.077500	0.810200	0.112300	0.077000	0.809200	0.113800	0.079800	0.808300	0.111900	0.081500	0.799200	0.119300	0.082500	0.804100	0.113400
