0.306900	0.448100	0.245000	0.309500	0.448100	0.242400	0.313800	0.455100	0.231100	0.314300	0.462600	0.223100	0.322200	0.447500	0.230300	0.318000	0.446800	0.235200	0.314900	0.460300	0.224800	0.327400	0.442600	0.230000	0.335200	0.445500	0.219300	0.331600	0.446800	0.221600	0.334600	0.451300	0.214100	0.340900	0.451600	0.207500	0.331600	0.441300	0.227100	0.342900	0.446200	0.210900	0.346200	0.443000	0.210800	0.349600	0.440500	0.209900	0.341700	0.443400	0.214900	0.347800	0.441300	0.210900	0.343600	0.447700	0.208700	0.341300	0.450900	0.207800
0.301100	0.491600	0.207300	0.304200	0.495600	0.200200	0.306900	0.489200	0.203900	0.304900	0.489600	0.205500	0.310700	0.483700	0.205600	0.304800	0.492400	0.202800	0.316500	0.488100	0.195400	0.320300	0.482300	0.197400	0.321700	0.485400	0.192900	0.321700	0.483200	0.195100	0.323100	0.486300	0.190600	0.326900	0.478300	0.194800	0.328000	0.481000	0.191000	0.336200	0.479900	0.183900	0.332200	0.477400	0.190400	0.337400	0.471600	0.191000	0.328900	0.482000	0.189100	0.331400	0.484000	0.184600	0.335700	0.477000	0.187300	0.322700	0.489500	0.187800
0.292900	0.535900	0.171200	0.295700	0.527700	0.176600	0.294300	0.532800	0.172900	0.300600	0.524500	0.174900	0.301600	0.523300	0.175100	0.303300	0.531200	0.165500	0.297200	0.537100	0.165700	0.306700	0.527500	0.165800	0.305700	0.522000	0.172300	0.306500	0.518400	0.175100	0.309300	0.524300	0.166400	0.316000	0.520100	0.163900	0.310800	0.527000	0.162200	0.319200	0.516900	0.163900	0.311200	0.519800	0.169000	0.320500	0.512100	0.167400	0.321200	0.517100	0.161700	0.316500	0.520300	0.163200	0.314900	0.518100	0.167000	0.314200	0.516700	0.169100
0.293300	0.555800	0.150900	0.282000	0.576300	0.141700	0.285100	0.567700	0.147200	0.283300	0.569900	0.146800	0.281900	0.570900	0.147200	0.285700	0.573300	0.141000	0.285700	0.570600	0.143700	0.286100	0.574000	0.139900	0.286200	0.563000	0.150800	0.284300	0.568300	0.147400	0.301200	0.557500	0.141300	0.299500	0.560300	0.140200	0.296900	0.561300	0.141800	0.292200	0.561100	0.146700	0.296400	0.559600	0.144000	0.299300	0.559600	0.141100	0.300000	0.556900	0.143100	0.301000	0.555400	0.143600	0.303200	0.551500	0.145300	0.298900	0.550700	0.150400
0.280100	0.605700	0.114200	0.274700	0.609600	0.115700	0.276100	0.613600	0.110300	0.269100	0.614700	0.116200	0.276500	0.612000	0.111500	0.270200	0.611900	0.117900	0.269400	0.611700	0.118900	0.274700	0.605900	0.119400	0.270800	0.613000	0.116200	0.273900	0.609800	0.116300	0.274100	0.604400	0.121500	0.273600	0.607800	0.118600	0.276200	0.604000	0.119800	0.271200	0.603900	0.124900	0.277300	0.598600	0.124100	0.282600	0.598300	0.119100	0.286800	0.594600	0.118600	0.279200	0.602400	0.118400	0.283900	0.596500	0.119600	0.279200	0.595700	0.125100
0.266800	0.648300	0.084900	0.258100	0.654600	0.087300	0.256200	0.657900	0.085900	0.253200	0.656000	0.090800	0.257300	0.652900	0.089800	0.259400	0.649100	0.091500	0.255200	0.646500	0.098300	0.248500	0.655700	0.095800	0.263400	0.639700	0.096900	0.258600	0.654700	0.086700	0.246100	0.656800	0.097100	0.254900	0.642000	0.103100	0.255000	0.645900	0.099100	0.259300	0.641100	0.099600	0.250600	0.648300	0.101100	0.258000	0.645000	0.097000	0.263200	0.639100	0.097700	0.260500	0.634800	0.104700	0.264700	0.635100	0.100200	0.271100	0.630600	0.098300
0.257000	0.683900	0.059100	0.241700	0.693100	0.065200	0.241100	0.695600	0.063300	0.246800	0.687200	0.066000	0.242500	0.690600	0.066900	0.229500	0.701400	0.069100	0.232400	0.692300	0.075300	0.231400	0.697600	0.071000	0.233500	0.692300	0.074200	0.233200	0.696900	0.069900	0.228100	0.698300	0.073600	0.235100	0.687500	0.077400	0.241100	0.681000	0.077900	0.230100	0.690200	0.079700	0.227400	0.695000	0.077600	0.230600	0.686600	0.082800	0.231800	0.684300	0.083900	0.238400	0.680600	0.081000	0.230700	0.683100	0.086200	0.232600	0.682000	0.085400
0.237300	0.725800	0.036900	0.225500	0.735500	0.039000	0.229800	0.726700	0.043500	0.225900	0.733600	0.040500	0.219100	0.732200	0.048700	0.217100	0.736800	0.046100	0.219800	0.729300	0.050900	0.219800	0.728400	0.051800	0.213600	0.730200	0.056200	0.204400	0.733900	0.061700	0.212900	0.733300	0.053800	0.212000	0.730500	0.057500	0.208400	0.731900	0.059700	0.209500	0.728800	0.061700	0.215700	0.719600	0.064700	0.212000	0.725600	0.062400	0.207500	0.732500	0.060000	0.219000	0.717800	0.063200	0.210100	0.724300	0.065600	0.210200	0.725800	0.064000
0.209800	0.769900	0.020300	0.205500	0.771500	0.023000	0.209400	0.768000	0.022600	0.197800	0.775200	0.027000	0.203300	0.766900	0.029800	0.198400	0.770100	0.031500	0.194300	0.767400	0.038300	0.197100	0.768900	0.034000	0.193700	0.769100	0.037200	0.183900	0.775700	0.040400	0.187700	0.768000	0.044300	0.184600	0.770400	0.045000	0.192200	0.765200	0.042600	0.180400	0.768700	0.050900	0.179100	0.774500	0.046400	0.183600	0.770600	0.045800	0.182500	0.766000	0.051500	0.190600	0.760700	0.048700	0.183200	0.764800	0.052000	0.183500	0.769500	0.047000
0.198500	0.790900	0.010600	0.202900	0.787700	0.009400	0.192600	0.794100	0.013300	0.174600	0.811000	0.014400	0.187800	0.792600	0.019600	0.184200	0.794800	0.021000	0.179000	0.799600	0.021400	0.171100	0.804400	0.024500	0.174700	0.800800	0.024500	0.165500	0.807600	0.026900	0.170600	0.801500	0.027900	0.166600	0.801600	0.031800	0.162000	0.804300	0.033700	0.161400	0.805500	0.033100	0.170500	0.792000	0.037500	0.156400	0.810400	0.033200	0.164400	0.798300	0.037300	0.164300	0.797600	0.038100	0.162800	0.798800	0.038400	0.162200	0.801400	0.036400
0.182000	0.815600	0.002400	0.180400	0.814900	0.004700	0.169700	0.824200	0.006100	0.169700	0.822300	0.008000	0.160900	0.827400	0.011700	0.161400	0.827600	0.011000	0.159800	0.825000	0.015200	0.151500	0.833900	0.014600	0.152200	0.827200	0.020600	0.143200	0.835500	0.021300	0.145700	0.833100	0.021200	0.149400	0.828900	0.021700	0.145200	0.831800	0.023000	0.136200	0.836100	0.027700	0.138400	0.832700	0.028900	0.143400	0.827700	0.028900	0.137200	0.836200	0.026600	0.140400	0.829500	0.030100	0.139700	0.832000	0.028300	0.135100	0.837100	0.027800
0.165500	0.832000	0.002500	0.157500	0.839300	0.003200	0.149200	0.846800	0.004000	0.150900	0.844100	0.005000	0.140600	0.851300	0.008100	0.135600	0.855700	0.008700	0.134200	0.856500	0.009300	0.133600	0.852700	0.013700	0.136300	0.849400	0.014300	0.129700	0.856700	0.013600	0.125700	0.859200	0.015100	0.122600	0.860600	0.016800	0.120400	0.858500	0.021100	0.117100	0.862200	0.020700	0.118300	0.858100	0.023600	0.118500	0.859800	0.021700	0.117000	0.859800	0.023200	0.118600	0.858700	0.022700	0.117800	0.852000	0.030200	0.115100	0.861900	0.023000
0.143000	0.850300	0.006700	0.142100	0.849600	0.008300	0.143600	0.850300	0.006100	0.143100	0.848300	0.008600	0.126400	0.863900	0.009700	0.121000	0.868000	0.011000	0.117300	0.871900	0.010800	0.118400	0.870800	0.010800	0.117200	0.868600	0.014200	0.110600	0.874800	0.014600	0.106800	0.878300	0.014900	0.108200	0.872900	0.018900	0.107800	0.874100	0.018100	0.104900	0.876400	0.018700	0.104600	0.875100	0.020300	0.103900	0.873400	0.022700	0.100300	0.876300	0.023400	0.103100	0.872600	0.024300	0.096600	0.878000	0.025400	0.094200	0.885800	0.020000
0.135100	0.844000	0.020900	0.132500	0.851400	0.016100	0.121700	0.860500	0.017800	0.119900	0.863700	0.016400	0.119100	0.864400	0.016500	0.106800	0.876600	0.016600	0.108300	0.875900	0.015800	0.098500	0.883700	0.017800	0.102400	0.880300	0.017300	0.091800	0.890100	0.018100	0.094600	0.884000	0.021400	0.094600	0.883500	0.021900	0.091500	0.886800	0.021700	0.091300	0.887900	0.020800	0.090300	0.887000	0.022700	0.086300	0.890300	0.023400	0.086200	0.889200	0.024600	0.082700	0.893200	0.024100	0.086600	0.888500	0.024900	0.087400	0.888200	0.024400
0.123800	0.839900	0.036300	0.117300	0.849700	0.033000	0.108400	0.861800	0.029800	0.113100	0.857600	0.029300	0.099800	0.871000	0.029200	0.096300	0.878600	0.025100	0.095900	0.876500	0.027600	0.089400	0.881200	0.029400	0.093400	0.882100	0.024500	0.084800	0.886200	0.029000	0.085100	0.886600	0.028300	0.078800	0.893400	0.027800	0.075400	0.894200	0.030400	0.080900	0.888000	0.031100	0.071700	0.895400	0.032900	0.080200	0.890300	0.029500	0.076500	0.891300	0.032200	0.074100	0.892100	0.033800	0.074000	0.893100	0.032900	0.069300	0.898300	0.032400
0.110200	0.834500	0.055300	0.101100	0.844200	0.054700	0.105200	0.844900	0.049900	0.096200	0.861000	0.042800	0.094200	0.861900	0.043900	0.090400	0.862100	0.047500	0.080800	0.873500	0.045700	0.079600	0.880000	0.040400	0.080400	0.877300	0.042300	0.078800	0.882600	0.038600	0.071800	0.888500	0.039700	0.076200	0.883900	0.039900	0.070500	0.889500	0.040000	0.073000	0.886800	0.040200	0.068600	0.893900	0.037500	0.068900	0.890200	0.040900	0.067900	0.886800	0.045300	0.066700	0.896100	0.037200	0.068500	0.888500	0.043000	0.063900	0.895100	0.041000
0.102800	0.814600	0.082600	0.096500	0.821300	0.082200	0.094500	0.832000	0.073500	0.085100	0.843300	0.071600	0.086500	0.843300	0.070200	0.081100	0.857800	0.061100	0.078600	0.857600	0.063800	0.080300	0.860800	0.058900	0.078900	0.860500	0.060600	0.072600	0.869100	0.058300	0.071300	0.870600	0.058100	0.066000	0.880500	0.053500	0.072700	0.869800	0.057500	0.068400	0.871800	0.059800	0.058300	0.892500	0.049200	0.064700	0.877100	0.058200	0.062800	0.883600	0.053600	0.061800	0.888000	0.050200	0.062800	0.879500	0.057700	0.063600	0.882900	0.053500
0.096800	0.788300	0.114900	0.088500	0.807400	0.104100	0.086900	0.811300	0.101800	0.082900	0.820700	0.096400	0.087600	0.821900	0.090500	0.079800	0.829100	0.091100	0.082400	0.829900	0.087700	0.074600	0.841000	0.084400	0.075600	0.845100	0.079300	0.069800	0.850000	0.080200	0.068800	0.851400	0.079800	0.071300	0.859200	0.069500	0.063300	0.862300	0.074400	0.063400	0.858000	0.078600	0.064900	0.861200	0.073900	0.059900	0.867500	0.072600	0.064800	0.862300	0.072900	0.065800	0.865200	0.069000	0.063400	0.860200	0.076400	0.061600	0.862900	0.075500
0.097400	0.751500	0.151100	0.085600	0.774700	0.139700	0.085700	0.783200	0.131100	0.081700	0.796400	0.121900	0.082000	0.800200	0.117800	0.084800	0.807800	0.107400	0.074200	0.813800	0.112000	0.078900	0.815900	0.105200	0.073600	0.815500	0.110900	0.074800	0.824400	0.100800	0.074200	0.822900	0.102900	0.073400	0.829900	0.096700	0.072000	0.834100	0.093900	0.072400	0.837200	0.090400	0.067500	0.836300	0.096200	0.070400	0.838600	0.091000	0.067800	0.841500	0.090700	0.066500	0.844600	0.088900	0.070900	0.836700	0.092400	0.069000	0.834300	0.096700
0.088500	0.723100	0.188400	0.092700	0.732200	0.175100	0.091500	0.747900	0.160600	0.089200	0.751700	0.159100	0.087600	0.760000	0.152400	0.079300	0.772900	0.147800	0.083900	0.774200	0.141900	0.083100	0.782600	0.134300	0.082100	0.790200	0.127700	0.079400	0.791700	0.128900	0.083400	0.795300	0.121300	0.078000	0.806200	0.115800	0.073600	0.803100	0.123300	0.075500	0.808400	0.116100	0.079200	0.806700	0.114100	0.077500	0.803100	0.119400	0.076400	0.805400	0.118200	0.075800	0.812200	0.112000	0.077000	0.805800	0.117200	0.076600	0.808500	0.114900
