0.225420	0.281475	0.493106	0.309320	0.341910	0.348771	0.416131	0.362004	0.221865	0.527690	0.351793	0.120517	0.635341	0.286747	0.077912	0.680975	0.228670	0.090355	0.741216	0.145008	0.113776	0.722297	0.088164	0.189539	0.688595	0.058029	0.253375	0.607560	0.084769	0.307671	0.504177	0.170268	0.325555	0.452117	0.249503	0.298380	0.399163	0.336960	0.263877	0.410136	0.363334	0.226530	0.449034	0.378872	0.172094	0.503597	0.343387	0.153016	0.586010	0.259390	0.154600	0.662195	0.177662	0.160142	0.719013	0.106531	0.174456	0.768154	0.060659	0.171187
0.307692	0.324972	0.367336	0.395580	0.379282	0.225138	0.514121	0.347957	0.137922	0.599947	0.317028	0.083025	0.685008	0.245880	0.069112	0.734400	0.160065	0.105534	0.723457	0.100412	0.176132	0.715883	0.064220	0.219897	0.628698	0.089941	0.281361	0.557742	0.148275	0.293983	0.487402	0.220678	0.291920	0.432287	0.314391	0.253322	0.399896	0.390029	0.210075	0.421095	0.386291	0.192614	0.462555	0.379373	0.158072	0.533731	0.321593	0.144676	0.624507	0.209577	0.165915	0.719248	0.113610	0.167141	0.755530	0.062110	0.182360	0.768963	0.054054	0.176983
0.410011	0.354486	0.235503	0.502921	0.352363	0.144716	0.604437	0.303301	0.092262	0.696226	0.242049	0.061725	0.732600	0.170014	0.097387	0.734184	0.104883	0.160932	0.735964	0.054628	0.209408	0.661088	0.073919	0.264993	0.572517	0.136005	0.291479	0.492308	0.214266	0.293427	0.441495	0.293379	0.265126	0.389746	0.376516	0.233738	0.409796	0.400544	0.189660	0.445802	0.388874	0.165324	0.502455	0.335243	0.162302	0.601116	0.230683	0.168201	0.685102	0.152088	0.162810	0.744079	0.079434	0.176488	0.776136	0.049808	0.174056	0.729953	0.097583	0.172465
0.512405	0.352572	0.135022	0.591065	0.318266	0.090669	0.677368	0.250730	0.071902	0.747344	0.167384	0.085271	0.748940	0.114221	0.136839	0.734236	0.066513	0.199251	0.662869	0.087642	0.249489	0.616682	0.121349	0.261969	0.523850	0.203578	0.272572	0.445800	0.281675	0.272526	0.414144	0.358008	0.227848	0.403068	0.393282	0.203650	0.432330	0.397071	0.170599	0.479309	0.363290	0.157400	0.561927	0.277236	0.160837	0.659994	0.170003	0.170003	0.724546	0.089703	0.185751	0.749278	0.051127	0.199596	0.750420	0.065266	0.184314	0.674932	0.168120	0.156948
0.615224	0.305519	0.079257	0.676150	0.253390	0.070460	0.745753	0.170685	0.083562	0.750289	0.122113	0.127598	0.735844	0.066973	0.197183	0.678872	0.067713	0.253415	0.616181	0.107503	0.276316	0.554042	0.173283	0.272675	0.470097	0.276773	0.253129	0.399890	0.369446	0.230664	0.391817	0.407553	0.200629	0.426399	0.385151	0.188451	0.491913	0.363286	0.144801	0.531958	0.301519	0.166523	0.638217	0.191669	0.170114	0.727509	0.080450	0.192042	0.731102	0.058280	0.210617	0.728316	0.067431	0.204253	0.693031	0.144912	0.162058	0.570213	0.305532	0.124255
0.704789	0.235540	0.059670	0.745515	0.177201	0.077284	0.778031	0.107570	0.114400	0.733743	0.074400	0.191857	0.710550	0.068714	0.220736	0.644807	0.098516	0.256677	0.547934	0.174304	0.277762	0.480970	0.272343	0.246687	0.427100	0.347696	0.225203	0.392791	0.397827	0.209382	0.413857	0.423945	0.162198	0.469356	0.371553	0.159091	0.544076	0.291690	0.164234	0.609164	0.201348	0.189488	0.689345	0.116390	0.194265	0.745703	0.059132	0.195165	0.736270	0.066351	0.197379	0.679129	0.139509	0.181362	0.566573	0.280337	0.153090	0.464632	0.426075	0.109293
0.762203	0.170166	0.067630	0.786380	0.100407	0.113213	0.749636	0.064704	0.185660	0.716614	0.074921	0.208464	0.626174	0.116358	0.257468	0.551146	0.190770	0.258083	0.479292	0.269923	0.250785	0.428261	0.357880	0.213859	0.399255	0.410433	0.190312	0.416023	0.401597	0.182380	0.450392	0.382265	0.167343	0.521679	0.311562	0.166759	0.589594	0.226175	0.184231	0.667972	0.125874	0.206154	0.725305	0.071032	0.203663	0.741779	0.064627	0.193595	0.697977	0.116763	0.185260	0.577068	0.251074	0.171858	0.497038	0.383953	0.119009	0.344609	0.571617	0.083774
0.786242	0.087834	0.125924	0.764238	0.064299	0.171464	0.736492	0.065010	0.198498	0.679491	0.104899	0.215610	0.579575	0.162060	0.258365	0.477169	0.270833	0.251998	0.411968	0.357181	0.230851	0.406292	0.398969	0.194738	0.383521	0.422169	0.194310	0.441262	0.393795	0.164943	0.494407	0.323056	0.182538	0.579885	0.241984	0.178131	0.658333	0.129598	0.212069	0.728158	0.061393	0.210449	0.714491	0.059110	0.226399	0.704819	0.100493	0.194688	0.592182	0.239811	0.168007	0.487984	0.381114	0.130902	0.356953	0.541289	0.101758	0.228031	0.687200	0.084770
0.753657	0.066121	0.180222	0.734929	0.067376	0.197695	0.652174	0.111719	0.236107	0.555146	0.202155	0.242699	0.517640	0.259949	0.222410	0.437855	0.342540	0.219605	0.393318	0.414628	0.192055	0.397574	0.423989	0.178437	0.428914	0.404420	0.166667	0.496399	0.335457	0.168144	0.588568	0.234012	0.177419	0.637552	0.150487	0.211961	0.702990	0.073318	0.223692	0.722506	0.060091	0.217404	0.689608	0.102829	0.207563	0.628319	0.204646	0.167035	0.509122	0.353915	0.136963	0.350453	0.542983	0.106564	0.250471	0.669270	0.080259	0.160209	0.746084	0.093707
0.704571	0.075429	0.220000	0.648540	0.106754	0.244705	0.594194	0.172714	0.233091	0.505872	0.267338	0.226790	0.426963	0.356473	0.216564	0.383166	0.441002	0.175833	0.360973	0.455140	0.183887	0.418265	0.399892	0.181843	0.481361	0.335510	0.183129	0.577640	0.233202	0.189159	0.633447	0.145940	0.220613	0.691727	0.069956	0.238316	0.709045	0.061607	0.229348	0.672585	0.097928	0.229486	0.590699	0.193364	0.215937	0.484641	0.369446	0.145913	0.366588	0.522388	0.111024	0.265344	0.643915	0.090741	0.163966	0.736062	0.099973	0.116102	0.745763	0.138136
0.625968	0.144431	0.229601	0.588866	0.189342	0.221792	0.503411	0.288516	0.208073	0.449653	0.350902	0.199445	0.399632	0.410930	0.189438	0.370488	0.440552	0.188960	0.411445	0.430347	0.158208	0.479979	0.347838	0.172184	0.552334	0.250483	0.197183	0.601478	0.173678	0.224844	0.666097	0.089459	0.244444	0.696307	0.063220	0.240473	0.682136	0.091138	0.226726	0.590680	0.194334	0.214985	0.511660	0.341015	0.147325	0.384529	0.496765	0.118706	0.273143	0.618138	0.108719	0.168409	0.747669	0.083922	0.102517	0.773775	0.123709	0.073843	0.731409	0.194748
0.560258	0.216928	0.222814	0.508688	0.267937	0.223374	0.408186	0.362832	0.228982	0.401809	0.412187	0.186003	0.404115	0.433395	0.162490	0.420095	0.411129	0.168776	0.446021	0.363383	0.190595	0.540743	0.264037	0.195220	0.620718	0.172920	0.206362	0.675289	0.091635	0.233076	0.696388	0.071674	0.231938	0.689135	0.086746	0.224118	0.602649	0.187086	0.210265	0.509277	0.315425	0.175298	0.381072	0.484366	0.134562	0.264166	0.632357	0.103477	0.173853	0.734384	0.091763	0.101333	0.773333	0.125333	0.074315	0.738344	0.187341	0.052558	0.637965	0.309477
0.473561	0.318449	0.207991	0.425474	0.363711	0.210815	0.375900	0.454012	0.170088	0.367501	0.467658	0.164841	0.389225	0.433640	0.177135	0.463840	0.346911	0.189249	0.533333	0.267769	0.198898	0.594141	0.166667	0.239192	0.674797	0.088870	0.236333	0.694468	0.064202	0.241330	0.667512	0.086221	0.246267	0.624030	0.173134	0.202836	0.519210	0.310877	0.169913	0.371934	0.490302	0.137764	0.257669	0.626603	0.115728	0.179494	0.734123	0.086383	0.111567	0.766475	0.121958	0.068555	0.753044	0.178401	0.043862	0.680718	0.275420	0.056736	0.521094	0.422170
0.414407	0.406738	0.178855	0.387385	0.443890	0.168725	0.365530	0.464556	0.169913	0.403315	0.424362	0.172323	0.435827	0.384212	0.179961	0.502507	0.284123	0.213370	0.586919	0.184165	0.228916	0.665534	0.097140	0.237327	0.678995	0.067899	0.253106	0.661003	0.086944	0.252053	0.595170	0.171938	0.232892	0.493381	0.323221	0.183398	0.389180	0.444383	0.166437	0.267558	0.607620	0.124822	0.175540	0.734581	0.089879	0.121107	0.768698	0.110194	0.073844	0.744081	0.182074	0.058120	0.665812	0.276068	0.046790	0.533524	0.419686	0.048359	0.356649	0.594991
0.373988	0.477064	0.148948	0.364319	0.466339	0.169342	0.368785	0.448895	0.182320	0.445125	0.385237	0.169638	0.493913	0.284173	0.221915	0.550652	0.210380	0.238968	0.645444	0.108942	0.245614	0.685307	0.058488	0.256205	0.663510	0.070195	0.266295	0.595232	0.165809	0.238960	0.519653	0.279480	0.200867	0.365390	0.457702	0.176908	0.278795	0.620107	0.101098	0.198857	0.698585	0.102557	0.122492	0.759768	0.117740	0.073047	0.768062	0.158891	0.048814	0.685052	0.266133	0.041788	0.548217	0.409994	0.049624	0.376241	0.574135	0.072443	0.228409	0.699148
0.368647	0.467330	0.164023	0.399083	0.412574	0.188343	0.431700	0.376677	0.191623	0.478031	0.295328	0.226641	0.567467	0.192682	0.239851	0.621893	0.110304	0.267802	0.650798	0.071836	0.277366	0.650713	0.072062	0.277225	0.611321	0.156604	0.232075	0.507572	0.282670	0.209759	0.394481	0.435742	0.169777	0.282414	0.599619	0.117967	0.197488	0.694816	0.107696	0.126428	0.768393	0.105179	0.075990	0.769065	0.154945	0.047240	0.693765	0.258995	0.050818	0.536215	0.412967	0.055859	0.375468	0.568673	0.055980	0.244558	0.699463	0.062143	0.142359	0.795498
0.388963	0.445742	0.165296	0.436714	0.379715	0.183571	0.483461	0.297427	0.219112	0.557287	0.208081	0.234632	0.627104	0.108417	0.264479	0.626808	0.078699	0.294494	0.632308	0.077030	0.290662	0.608998	0.157456	0.233546	0.488456	0.277051	0.234492	0.388770	0.443316	0.167914	0.279108	0.584875	0.136017	0.191360	0.689107	0.119534	0.120970	0.774847	0.104183	0.087144	0.753362	0.159494	0.049313	0.686877	0.263810	0.056308	0.550136	0.393556	0.049584	0.401261	0.549154	0.046207	0.260389	0.693403	0.056699	0.140853	0.802447	0.072233	0.078799	0.848968
0.431044	0.364075	0.204881	0.497654	0.271046	0.231300	0.563099	0.179155	0.257746	0.638181	0.093569	0.268250	0.649929	0.070804	0.279267	0.643618	0.086362	0.270019	0.580736	0.140410	0.278854	0.479433	0.279488	0.241079	0.380888	0.424495	0.194616	0.288237	0.562891	0.148873	0.190040	0.700673	0.109287	0.120882	0.768863	0.110255	0.077131	0.765088	0.157781	0.061793	0.707586	0.230621	0.040082	0.564365	0.395553	0.049985	0.403952	0.546062	0.051680	0.273902	0.674419	0.051108	0.152094	0.796798	0.058912	0.081154	0.859934	0.067925	0.074311	0.857765
0.487370	0.269632	0.242998	0.575662	0.182969	0.241369	0.608507	0.101852	0.289641	0.652334	0.069024	0.278642	0.620643	0.090959	0.288399	0.561439	0.160576	0.277986	0.482046	0.284276	0.233678	0.390290	0.422479	0.187232	0.267476	0.595682	0.136842	0.203047	0.679800	0.117153	0.133755	0.764350	0.101896	0.074938	0.769636	0.155426	0.060598	0.709186	0.230216	0.036081	0.590789	0.373130	0.040114	0.445519	0.514367	0.038440	0.283884	0.677677	0.056163	0.180018	0.763819	0.057143	0.097696	0.845161	0.059928	0.086762	0.853309	0.072480	0.130238	0.797282
0.576411	0.160760	0.262830	0.617769	0.101830	0.280401	0.628224	0.071153	0.300623	0.612222	0.084765	0.303013	0.558563	0.163495	0.277942	0.474513	0.279957	0.245530	0.359730	0.429189	0.211081	0.294841	0.553328	0.151831	0.185894	0.703663	0.110443	0.123894	0.775117	0.100989	0.080855	0.755003	0.164143	0.044576	0.736842	0.218582	0.037559	0.602700	0.359742	0.047175	0.454237	0.498588	0.045209	0.301109	0.653682	0.056740	0.168718	0.774542	0.062692	0.091272	0.846036	0.052837	0.072351	0.874812	0.070687	0.130121	0.799192	0.080440	0.221644	0.697917
