0.231115	0.279376	0.489508	0.313894	0.340194	0.345912	0.413183	0.373258	0.213558	0.521624	0.362078	0.116297	0.636145	0.291834	0.072021	0.692634	0.228405	0.078961	0.730340	0.148912	0.120747	0.730386	0.087625	0.181990	0.690893	0.056018	0.253088	0.586437	0.094775	0.318788	0.508499	0.163354	0.328148	0.425121	0.252060	0.322819	0.407531	0.325244	0.267225	0.414844	0.371088	0.214068	0.437384	0.383108	0.179508	0.514112	0.341450	0.144438	0.580838	0.272455	0.146707	0.663290	0.172461	0.164249	0.737591	0.099565	0.162845	0.780402	0.055118	0.164479
0.295987	0.347547	0.356466	0.402210	0.350276	0.247514	0.517960	0.335618	0.146422	0.593601	0.319143	0.087255	0.682881	0.242424	0.074694	0.730331	0.151655	0.118014	0.745953	0.093827	0.160219	0.721904	0.056193	0.221904	0.630769	0.092604	0.276627	0.560308	0.161677	0.278015	0.471764	0.224153	0.304083	0.421544	0.318632	0.259825	0.397299	0.382498	0.220203	0.417641	0.390542	0.191817	0.487432	0.361752	0.150816	0.538878	0.327554	0.133568	0.622254	0.210423	0.167324	0.720103	0.110763	0.169134	0.766875	0.065513	0.167612	0.780296	0.052020	0.167684
0.404540	0.356947	0.238512	0.514339	0.341476	0.144185	0.609307	0.300054	0.090639	0.681671	0.254717	0.063612	0.729574	0.173040	0.097387	0.738901	0.105993	0.155105	0.724431	0.062822	0.212747	0.658577	0.081729	0.259693	0.572235	0.140519	0.287246	0.511888	0.210629	0.277483	0.430365	0.281963	0.287671	0.408490	0.364939	0.226571	0.411156	0.395918	0.192925	0.435924	0.392254	0.171822	0.506274	0.328969	0.164757	0.599442	0.244351	0.156206	0.692156	0.139673	0.168172	0.753611	0.077990	0.168400	0.763820	0.058566	0.177614	0.732311	0.097288	0.170401
0.489945	0.380778	0.129277	0.582606	0.329368	0.088025	0.684001	0.247015	0.068984	0.714614	0.192937	0.092449	0.754029	0.102347	0.143625	0.739706	0.063058	0.197236	0.677184	0.070698	0.252118	0.600120	0.115026	0.284854	0.517888	0.206701	0.275412	0.456335	0.290269	0.253396	0.407815	0.356081	0.236103	0.405448	0.408622	0.185930	0.419854	0.407648	0.172498	0.475501	0.355420	0.169078	0.561067	0.281250	0.157683	0.669298	0.166620	0.164082	0.741852	0.080761	0.177387	0.747834	0.050260	0.201906	0.740616	0.075070	0.184314	0.676022	0.166485	0.157493
0.612869	0.302380	0.084750	0.671364	0.256847	0.071789	0.739178	0.174795	0.086027	0.753176	0.114896	0.131928	0.722047	0.081345	0.196608	0.684394	0.075269	0.240337	0.636898	0.103024	0.260078	0.538105	0.184584	0.277311	0.463143	0.283727	0.253129	0.409490	0.358475	0.232035	0.383687	0.408602	0.207710	0.439804	0.387987	0.172209	0.489089	0.358408	0.152503	0.532244	0.303239	0.164517	0.638217	0.198369	0.163414	0.729815	0.084198	0.185986	0.734853	0.060012	0.205136	0.743984	0.074426	0.181589	0.679757	0.155973	0.164270	0.581560	0.288511	0.129929
0.712641	0.221670	0.065690	0.720397	0.193486	0.086116	0.770347	0.118668	0.110985	0.749854	0.071178	0.178969	0.707510	0.075099	0.217391	0.645401	0.100297	0.254303	0.541186	0.182176	0.276638	0.475613	0.270087	0.254299	0.415447	0.354743	0.229810	0.396766	0.403923	0.199311	0.411999	0.431643	0.156358	0.454545	0.378958	0.166496	0.555306	0.283549	0.161145	0.600000	0.214825	0.185175	0.685690	0.110205	0.204105	0.738712	0.058841	0.202447	0.739336	0.062727	0.197937	0.680246	0.129185	0.190569	0.571067	0.270787	0.158146	0.464910	0.420804	0.114286
0.755113	0.174802	0.070085	0.775029	0.110594	0.114377	0.747304	0.069368	0.183328	0.706320	0.074921	0.218759	0.625320	0.124324	0.250356	0.545267	0.189006	0.265726	0.470437	0.272779	0.256784	0.442935	0.346467	0.210598	0.388077	0.426770	0.185153	0.401340	0.425811	0.172849	0.432820	0.395783	0.171398	0.505837	0.318788	0.175375	0.600743	0.218742	0.180515	0.669091	0.125315	0.205594	0.736681	0.059933	0.203385	0.737489	0.060909	0.201601	0.693353	0.119942	0.186705	0.579753	0.252685	0.167562	0.483306	0.404416	0.112278	0.333245	0.588531	0.078224
0.782831	0.095509	0.121660	0.756889	0.079302	0.163809	0.718578	0.062121	0.219301	0.682812	0.097703	0.219485	0.571720	0.171370	0.256910	0.492009	0.273116	0.234874	0.425266	0.348670	0.226064	0.407106	0.407106	0.185788	0.384058	0.428341	0.187601	0.429594	0.400689	0.169716	0.503138	0.321419	0.175443	0.588654	0.217594	0.193752	0.660632	0.127874	0.211494	0.729634	0.068772	0.201594	0.714204	0.057676	0.228121	0.698521	0.109255	0.192223	0.601608	0.230108	0.168284	0.479502	0.395533	0.124965	0.355887	0.551412	0.092701	0.224922	0.685504	0.089573
0.756290	0.059684	0.184026	0.733156	0.070922	0.195922	0.642096	0.118054	0.239850	0.561667	0.199036	0.239297	0.512278	0.250353	0.237369	0.425941	0.369347	0.204712	0.389634	0.422520	0.187845	0.397574	0.428571	0.173854	0.421991	0.403355	0.174654	0.498615	0.318560	0.182825	0.579230	0.232881	0.187889	0.643394	0.151321	0.205285	0.706153	0.068718	0.225129	0.729875	0.058673	0.211451	0.686616	0.109358	0.204026	0.612555	0.214325	0.173119	0.502386	0.352793	0.144822	0.353749	0.531997	0.114254	0.253165	0.664961	0.081874	0.161033	0.747183	0.091783
0.707429	0.080286	0.212286	0.655409	0.115627	0.228964	0.594775	0.179681	0.225544	0.502237	0.265101	0.232662	0.429376	0.362637	0.207987	0.390653	0.412342	0.197005	0.363327	0.437353	0.199320	0.411781	0.418536	0.169684	0.489524	0.336327	0.174150	0.566064	0.247883	0.186053	0.643101	0.138274	0.218626	0.690856	0.077504	0.231640	0.714086	0.064128	0.221787	0.666129	0.107614	0.226258	0.595866	0.204787	0.199347	0.490126	0.369995	0.139879	0.350092	0.537313	0.112595	0.244444	0.670899	0.084656	0.173304	0.739083	0.087613	0.123446	0.739548	0.137006
0.631328	0.135200	0.233472	0.581125	0.197976	0.220899	0.503127	0.274304	0.222570	0.410818	0.374202	0.214979	0.390962	0.413820	0.195218	0.382962	0.446656	0.170382	0.397721	0.432677	0.169601	0.491191	0.331554	0.177256	0.547086	0.263187	0.189727	0.626492	0.161171	0.212337	0.670085	0.078348	0.251567	0.706352	0.059084	0.234564	0.657255	0.105116	0.237629	0.608684	0.194864	0.196452	0.492730	0.339643	0.167627	0.377215	0.505204	0.117581	0.276911	0.615447	0.107643	0.166149	0.745408	0.088443	0.101457	0.784636	0.113907	0.067603	0.734789	0.197608
0.577915	0.204036	0.218049	0.503363	0.269619	0.227018	0.435288	0.354259	0.210454	0.378127	0.431080	0.190793	0.394091	0.432604	0.173305	0.428270	0.407700	0.164030	0.463550	0.365609	0.170840	0.549957	0.266340	0.183703	0.628059	0.164763	0.207178	0.666483	0.087232	0.246285	0.702982	0.068807	0.228211	0.681172	0.089875	0.228953	0.621137	0.174945	0.203918	0.499862	0.322902	0.177236	0.382747	0.488554	0.128699	0.270189	0.627430	0.102382	0.181039	0.729132	0.089829	0.109067	0.768800	0.122133	0.077140	0.739474	0.183385	0.046967	0.661728	0.291306
0.464454	0.331081	0.204465	0.414768	0.381828	0.203404	0.383364	0.432951	0.183684	0.364371	0.448618	0.187011	0.401840	0.432326	0.165834	0.450263	0.373234	0.176503	0.530303	0.278512	0.191185	0.602958	0.150455	0.246587	0.663022	0.084665	0.252313	0.695042	0.067355	0.237604	0.690617	0.078895	0.230487	0.627241	0.165106	0.207653	0.506764	0.303030	0.190206	0.398460	0.465203	0.136338	0.275516	0.621026	0.103458	0.184607	0.711249	0.104144	0.105824	0.780695	0.113481	0.073849	0.757279	0.168872	0.051552	0.659071	0.289376	0.053535	0.517312	0.429153
0.408929	0.393317	0.197754	0.372405	0.450197	0.177398	0.387446	0.454545	0.158009	0.392791	0.436990	0.170218	0.449351	0.374275	0.176373	0.517827	0.269638	0.212535	0.576879	0.190763	0.232358	0.645709	0.099405	0.254885	0.676972	0.071945	0.251084	0.669499	0.088360	0.242141	0.608396	0.159862	0.231742	0.499173	0.313017	0.187810	0.381728	0.459840	0.158432	0.281774	0.600227	0.117998	0.169478	0.743542	0.086979	0.122704	0.760713	0.116582	0.074408	0.752255	0.173337	0.057265	0.668376	0.274359	0.053352	0.525250	0.421398	0.037709	0.374496	0.587795
0.373718	0.481382	0.144900	0.355256	0.488348	0.156396	0.385083	0.449724	0.165193	0.433705	0.391922	0.174373	0.505534	0.288600	0.205866	0.570913	0.204552	0.224535	0.636106	0.106678	0.257216	0.675321	0.058203	0.266476	0.663510	0.074930	0.261560	0.578976	0.183961	0.237063	0.525888	0.283546	0.190567	0.363185	0.462111	0.174704	0.273162	0.624050	0.102788	0.203482	0.706746	0.089771	0.119588	0.758448	0.121964	0.071981	0.773127	0.154892	0.042195	0.697463	0.260342	0.040620	0.554062	0.405319	0.047519	0.383759	0.568722	0.064489	0.242614	0.692898
0.368379	0.478623	0.152998	0.403670	0.419590	0.176740	0.425404	0.390912	0.183685	0.474138	0.298109	0.227753	0.561750	0.195254	0.242996	0.632505	0.101927	0.265568	0.659635	0.079247	0.261117	0.667653	0.072869	0.259478	0.594070	0.171429	0.234501	0.519349	0.273696	0.206955	0.390802	0.439422	0.169777	0.269095	0.610764	0.120141	0.184393	0.703902	0.111705	0.128021	0.768659	0.103320	0.075182	0.773915	0.150903	0.052183	0.718759	0.229058	0.049357	0.552278	0.398364	0.046933	0.398215	0.554852	0.051739	0.268872	0.679389	0.059607	0.139505	0.800888
0.384187	0.434863	0.180950	0.443699	0.373009	0.183291	0.494487	0.288380	0.217133	0.572872	0.205195	0.221934	0.625963	0.108417	0.265621	0.656007	0.067019	0.276974	0.644777	0.068717	0.286506	0.584560	0.166343	0.249097	0.492072	0.293185	0.214743	0.409626	0.430749	0.159626	0.278836	0.587867	0.133297	0.182348	0.697853	0.119799	0.124967	0.762323	0.112710	0.076923	0.763045	0.160032	0.052008	0.699811	0.248181	0.051491	0.544414	0.404095	0.047865	0.391803	0.560332	0.043592	0.277826	0.678582	0.063862	0.139660	0.796479	0.073171	0.090056	0.836773
0.429058	0.367764	0.203178	0.500690	0.273254	0.226056	0.555775	0.183099	0.261127	0.624855	0.094148	0.280997	0.648237	0.070804	0.280959	0.645532	0.077070	0.277398	0.592530	0.153047	0.254423	0.490874	0.278943	0.230183	0.383311	0.439569	0.177120	0.289595	0.558001	0.152404	0.182234	0.718170	0.099596	0.131243	0.751063	0.117694	0.074154	0.761570	0.164276	0.060966	0.706759	0.232276	0.043300	0.562025	0.394675	0.044754	0.398431	0.556815	0.062303	0.275624	0.662073	0.042180	0.167796	0.790025	0.056507	0.088969	0.854524	0.071408	0.088244	0.840348
0.492861	0.266063	0.241076	0.575086	0.166283	0.258631	0.603588	0.100405	0.296007	0.649222	0.063083	0.287694	0.630447	0.085240	0.284314	0.567194	0.168058	0.264748	0.477421	0.288629	0.233950	0.383852	0.427307	0.188841	0.280162	0.594602	0.125236	0.201734	0.677699	0.120567	0.129015	0.759347	0.111638	0.078546	0.774355	0.147100	0.055617	0.704759	0.239624	0.039601	0.584629	0.375770	0.045235	0.439260	0.515505	0.044704	0.288440	0.666856	0.051434	0.171150	0.777416	0.058372	0.103533	0.838095	0.056947	0.089147	0.853906	0.072480	0.130521	0.796999
0.582648	0.145166	0.272186	0.597107	0.105667	0.297226	0.634450	0.071153	0.294397	0.614756	0.084765	0.300479	0.562584	0.150630	0.286786	0.465172	0.288497	0.246330	0.371351	0.428108	0.200541	0.275595	0.567495	0.156910	0.177146	0.717879	0.104975	0.120770	0.769391	0.109839	0.083559	0.754462	0.161979	0.046455	0.723953	0.229592	0.043721	0.595070	0.361209	0.040395	0.447458	0.512147	0.043787	0.293432	0.662781	0.046533	0.180727	0.772741	0.059312	0.090043	0.850645	0.059141	0.078055	0.862804	0.072706	0.132429	0.794864	0.079282	0.220486	0.700231
