0.226019	0.298861	0.475120	0.316181	0.339623	0.344197	0.410236	0.380761	0.209003	0.526371	0.354694	0.118935	0.640964	0.288086	0.070950	0.683890	0.227345	0.088765	0.745678	0.138873	0.115449	0.736587	0.080075	0.183338	0.687446	0.063200	0.249354	0.590050	0.089216	0.320734	0.506770	0.166523	0.326707	0.432793	0.250924	0.316283	0.408368	0.312971	0.278661	0.429244	0.360011	0.210745	0.434472	0.394228	0.171300	0.511621	0.336469	0.151909	0.581383	0.278987	0.139630	0.657542	0.182316	0.160142	0.722496	0.103628	0.173875	0.768446	0.057743	0.173812
0.299331	0.334169	0.366499	0.400000	0.363536	0.236464	0.521799	0.340554	0.137647	0.593866	0.319408	0.086727	0.675704	0.254652	0.069644	0.736028	0.151655	0.112317	0.728669	0.099588	0.171742	0.696388	0.076835	0.226778	0.630473	0.080473	0.289053	0.575135	0.138295	0.286570	0.478425	0.229076	0.292499	0.442183	0.294600	0.263217	0.404570	0.392366	0.203064	0.409671	0.398512	0.191817	0.450894	0.386629	0.162477	0.532918	0.331888	0.135194	0.628451	0.207606	0.163944	0.724374	0.116743	0.158884	0.762053	0.064095	0.173851	0.766928	0.054054	0.179018
0.413840	0.343545	0.242615	0.516994	0.344397	0.138609	0.610660	0.305195	0.084145	0.677358	0.248248	0.074394	0.742228	0.159560	0.098212	0.733629	0.103219	0.163152	0.736874	0.062822	0.200303	0.655788	0.083682	0.260530	0.566309	0.137133	0.296558	0.513287	0.203916	0.282797	0.432934	0.316495	0.250571	0.397464	0.364664	0.237872	0.407619	0.390204	0.202177	0.430465	0.396673	0.172862	0.506001	0.339062	0.154937	0.592469	0.239888	0.167643	0.687641	0.161400	0.150959	0.746967	0.079434	0.173599	0.757800	0.056924	0.185276	0.739682	0.096698	0.163620
0.523897	0.345521	0.130582	0.574148	0.329104	0.096749	0.686124	0.247811	0.066065	0.737870	0.176859	0.085271	0.757139	0.119876	0.122986	0.726749	0.075151	0.198100	0.653228	0.081507	0.265264	0.601927	0.121951	0.276122	0.517888	0.199035	0.283078	0.453840	0.288051	0.258109	0.406714	0.375619	0.217666	0.411531	0.393547	0.194922	0.433415	0.398427	0.168158	0.472963	0.353643	0.173394	0.570528	0.270356	0.159117	0.654638	0.173668	0.171694	0.727142	0.092299	0.180560	0.740901	0.055170	0.203928	0.763866	0.067507	0.168627	0.678747	0.156403	0.164850
0.596652	0.322783	0.080565	0.671098	0.254188	0.074714	0.739178	0.173425	0.087397	0.748845	0.110277	0.140878	0.726933	0.073009	0.200057	0.696019	0.064226	0.239756	0.630459	0.104983	0.264558	0.540423	0.180817	0.278760	0.466759	0.280389	0.252851	0.430335	0.352990	0.216676	0.401521	0.403357	0.195122	0.442640	0.379737	0.177623	0.489859	0.352760	0.157381	0.539696	0.296073	0.164230	0.637052	0.205360	0.157588	0.728374	0.089389	0.182238	0.725332	0.060012	0.214657	0.739228	0.064633	0.196139	0.678650	0.160122	0.161228	0.558014	0.297589	0.144397
0.699032	0.232138	0.068830	0.737786	0.180513	0.081700	0.780023	0.110700	0.109277	0.744288	0.062390	0.193322	0.713591	0.070234	0.216175	0.638872	0.101780	0.259347	0.537250	0.183301	0.279449	0.481252	0.276572	0.242176	0.423035	0.354743	0.222222	0.395706	0.403127	0.201166	0.409610	0.419697	0.170693	0.452758	0.378447	0.168795	0.555025	0.285514	0.159461	0.617520	0.204043	0.178437	0.691875	0.114703	0.193421	0.737547	0.056510	0.205942	0.742682	0.062727	0.194592	0.687221	0.132812	0.179967	0.567416	0.276685	0.155899	0.459362	0.424688	0.115950
0.748568	0.180529	0.070903	0.774738	0.109430	0.115832	0.756922	0.064413	0.178665	0.721476	0.062339	0.216185	0.622191	0.132859	0.244950	0.543798	0.186949	0.269253	0.487289	0.262211	0.250500	0.434511	0.342663	0.222826	0.396389	0.414732	0.188879	0.410098	0.415507	0.174395	0.447689	0.377129	0.175182	0.531684	0.305725	0.162590	0.614813	0.213167	0.172020	0.679161	0.127273	0.193566	0.750277	0.060211	0.189512	0.743780	0.060051	0.196168	0.674855	0.121676	0.203468	0.581901	0.251611	0.166488	0.485191	0.400108	0.114701	0.348309	0.562104	0.089588
0.774872	0.089255	0.135873	0.757502	0.080220	0.162278	0.713956	0.066455	0.219590	0.667312	0.101024	0.231663	0.576957	0.166715	0.256328	0.492580	0.267123	0.240297	0.416223	0.355319	0.228457	0.411988	0.406021	0.181991	0.394793	0.422169	0.183038	0.417396	0.409175	0.173429	0.489495	0.324147	0.186357	0.581803	0.225815	0.192381	0.659770	0.129885	0.210345	0.721370	0.064640	0.213991	0.714204	0.066571	0.219225	0.701807	0.121851	0.176342	0.596895	0.223454	0.179651	0.482330	0.385920	0.131750	0.350559	0.555408	0.094033	0.233964	0.677875	0.088160
0.749854	0.068169	0.181978	0.727541	0.071809	0.200650	0.647855	0.107688	0.244457	0.564502	0.191948	0.243550	0.493367	0.262772	0.243861	0.444354	0.350122	0.205524	0.382005	0.414891	0.203104	0.404313	0.425067	0.170620	0.429712	0.409744	0.160543	0.488366	0.343213	0.168421	0.590832	0.229768	0.179400	0.637552	0.147427	0.215021	0.710178	0.066705	0.223117	0.724490	0.058107	0.217404	0.683079	0.106366	0.210555	0.624447	0.212113	0.163440	0.492562	0.361493	0.145944	0.357045	0.535567	0.107388	0.259359	0.656073	0.084568	0.157461	0.752130	0.090409
0.711714	0.078857	0.209429	0.652547	0.113337	0.234116	0.581132	0.182874	0.235994	0.510347	0.257830	0.231823	0.435272	0.364246	0.200482	0.392461	0.425768	0.181771	0.364112	0.435260	0.200628	0.428803	0.392867	0.178330	0.474014	0.348299	0.177687	0.570299	0.241954	0.187747	0.647927	0.141965	0.210108	0.689695	0.072569	0.237736	0.723327	0.060487	0.216186	0.662362	0.106268	0.231369	0.596410	0.188741	0.214849	0.491498	0.362041	0.146462	0.364231	0.519508	0.116261	0.243122	0.672751	0.084127	0.157649	0.747597	0.094754	0.112429	0.759322	0.128249
0.634902	0.134008	0.231090	0.590057	0.187258	0.222685	0.482376	0.285958	0.231666	0.428294	0.354785	0.216921	0.415397	0.395428	0.189175	0.385085	0.429671	0.185244	0.407561	0.437856	0.154583	0.490123	0.341965	0.167912	0.538249	0.261530	0.200221	0.624503	0.148380	0.227118	0.666097	0.096011	0.237892	0.710783	0.057312	0.231905	0.664803	0.098686	0.236511	0.612920	0.198835	0.188245	0.486420	0.348697	0.164883	0.375809	0.504641	0.119550	0.266954	0.621905	0.111141	0.172930	0.742865	0.084205	0.104901	0.764238	0.130861	0.068643	0.721009	0.210348
0.566143	0.220572	0.213285	0.508408	0.272141	0.219451	0.441095	0.348175	0.210730	0.402342	0.403938	0.193720	0.394883	0.448958	0.156159	0.425369	0.404800	0.169831	0.459655	0.359488	0.180857	0.551109	0.257126	0.191765	0.617999	0.162588	0.219413	0.667584	0.091084	0.241332	0.708142	0.062500	0.229358	0.675199	0.093857	0.230944	0.613687	0.182119	0.204194	0.501246	0.325948	0.172805	0.379397	0.491066	0.129537	0.264714	0.641664	0.093622	0.163626	0.748203	0.088170	0.106667	0.775467	0.117867	0.077706	0.743148	0.179147	0.043053	0.658093	0.298854
0.453878	0.329318	0.216804	0.423827	0.379907	0.196267	0.377499	0.447347	0.175153	0.369849	0.460355	0.169797	0.424442	0.408147	0.167411	0.476586	0.343863	0.179551	0.542149	0.263912	0.193939	0.595848	0.164676	0.239477	0.650407	0.093356	0.256238	0.691889	0.062195	0.245916	0.686672	0.081150	0.232178	0.625903	0.162965	0.211132	0.513258	0.302489	0.184253	0.387621	0.470337	0.142042	0.253765	0.633296	0.112939	0.179225	0.727395	0.093380	0.109653	0.772491	0.117856	0.073849	0.757014	0.169137	0.047280	0.687838	0.264882	0.057899	0.528659	0.413442
0.405916	0.398247	0.195837	0.382129	0.451248	0.166623	0.350649	0.476190	0.173160	0.400158	0.423573	0.176269	0.427546	0.393596	0.178857	0.522841	0.280223	0.196936	0.576018	0.185600	0.238382	0.657887	0.103937	0.238176	0.683617	0.063565	0.252817	0.658737	0.088077	0.253186	0.594595	0.172513	0.232892	0.502206	0.312190	0.185604	0.379520	0.465360	0.155120	0.268695	0.611032	0.120273	0.184502	0.719030	0.096468	0.117913	0.768965	0.113122	0.067362	0.744081	0.188557	0.057550	0.672080	0.270370	0.047076	0.540086	0.412839	0.052101	0.371330	0.576569
0.385861	0.467890	0.146249	0.371569	0.468928	0.159503	0.365746	0.458840	0.175414	0.451253	0.373259	0.175487	0.500277	0.294411	0.205313	0.548154	0.201499	0.250347	0.623656	0.110922	0.265422	0.683880	0.047932	0.268188	0.664345	0.077437	0.258217	0.589000	0.176917	0.234083	0.517755	0.289509	0.192735	0.366492	0.466795	0.166713	0.268657	0.606026	0.125317	0.184440	0.724429	0.091132	0.124340	0.765048	0.110612	0.069848	0.779792	0.150360	0.044402	0.696360	0.259239	0.047341	0.542373	0.410286	0.051128	0.370827	0.578045	0.065057	0.226989	0.707955
0.369185	0.470557	0.160258	0.381543	0.438748	0.179709	0.449220	0.353134	0.197646	0.488877	0.303393	0.207731	0.559748	0.190680	0.249571	0.621614	0.109746	0.268640	0.669612	0.074686	0.255701	0.659048	0.077709	0.263243	0.603774	0.168733	0.227493	0.495794	0.282670	0.221537	0.392904	0.438896	0.168200	0.291655	0.596901	0.111443	0.184393	0.704971	0.110636	0.128287	0.765206	0.106507	0.070601	0.762867	0.166532	0.043120	0.711618	0.245262	0.049650	0.554322	0.396028	0.048949	0.403398	0.547653	0.055980	0.239468	0.704552	0.068802	0.138871	0.792327
0.383921	0.446803	0.169276	0.425258	0.394803	0.179939	0.491942	0.294317	0.213740	0.574315	0.193651	0.232035	0.632810	0.099001	0.268188	0.643493	0.072859	0.283648	0.629260	0.080355	0.290385	0.596501	0.158012	0.245487	0.494576	0.295967	0.209458	0.392246	0.431818	0.175936	0.282916	0.589227	0.127856	0.191095	0.697853	0.111052	0.131095	0.765521	0.103384	0.073427	0.775148	0.151425	0.053085	0.688763	0.258151	0.046372	0.563686	0.389943	0.040126	0.393809	0.566065	0.045917	0.269980	0.684103	0.059982	0.131304	0.808714	0.061288	0.088493	0.850219
0.431896	0.357548	0.210556	0.513663	0.267182	0.219155	0.558028	0.189577	0.252394	0.628911	0.103998	0.267092	0.656700	0.065444	0.277856	0.630773	0.084449	0.284777	0.581297	0.142095	0.276608	0.486788	0.287660	0.225552	0.379812	0.435532	0.184657	0.267862	0.585167	0.146971	0.189771	0.708210	0.102019	0.118225	0.771254	0.110521	0.075507	0.761028	0.163464	0.054897	0.712552	0.232552	0.043300	0.562317	0.394383	0.049985	0.396106	0.553909	0.052254	0.270457	0.677290	0.052340	0.161330	0.786330	0.053802	0.100090	0.846108	0.069086	0.087373	0.843541
0.486820	0.264141	0.249039	0.570196	0.191600	0.238205	0.601273	0.110532	0.288194	0.647242	0.065347	0.287412	0.624455	0.089325	0.286220	0.579568	0.148777	0.271655	0.482318	0.291077	0.226605	0.396996	0.419260	0.183745	0.277193	0.584076	0.138731	0.206987	0.677174	0.115839	0.129015	0.772512	0.098473	0.072717	0.769359	0.157924	0.061704	0.699502	0.238794	0.039601	0.589909	0.370490	0.042674	0.448080	0.509246	0.040148	0.288440	0.671412	0.053207	0.182974	0.763819	0.049462	0.105069	0.845469	0.062612	0.082290	0.855098	0.073613	0.142978	0.783409
0.576694	0.151971	0.271335	0.609504	0.099469	0.291027	0.611918	0.075007	0.313074	0.592228	0.087581	0.320191	0.560708	0.143393	0.295899	0.484388	0.279424	0.236189	0.380811	0.418108	0.201081	0.285218	0.568030	0.146752	0.176052	0.716785	0.107162	0.119729	0.774857	0.105414	0.078150	0.754191	0.167658	0.045650	0.720999	0.233351	0.037852	0.600939	0.361209	0.048305	0.448588	0.503107	0.043787	0.311914	0.644299	0.060042	0.175923	0.764035	0.057160	0.102028	0.840811	0.058841	0.080156	0.861003	0.073283	0.120600	0.806117	0.087095	0.216725	0.696181
