0.217926	0.282974	0.499101	0.327616	0.331904	0.340480	0.414523	0.363344	0.222133	0.520570	0.356013	0.123418	0.639357	0.289424	0.071218	0.685215	0.221251	0.093535	0.734244	0.148912	0.116843	0.739822	0.085737	0.174441	0.691755	0.056306	0.251939	0.593941	0.082824	0.323235	0.513109	0.165946	0.320945	0.431373	0.240693	0.327934	0.430126	0.308229	0.261646	0.419551	0.360011	0.220438	0.437649	0.389727	0.172624	0.511621	0.342280	0.146099	0.578116	0.276538	0.145346	0.655899	0.174103	0.169997	0.723077	0.093179	0.183745	0.770195	0.066783	0.163021
0.308528	0.345596	0.345875	0.376243	0.376796	0.246961	0.494379	0.353167	0.152454	0.626388	0.292173	0.081438	0.690058	0.243488	0.066454	0.749322	0.146772	0.103907	0.739369	0.095473	0.165158	0.702982	0.069381	0.227638	0.619231	0.091124	0.289645	0.563159	0.149130	0.287710	0.460759	0.246163	0.293078	0.426633	0.294883	0.278485	0.413399	0.367697	0.218904	0.411796	0.393730	0.194474	0.476289	0.369267	0.154444	0.532105	0.322677	0.145218	0.625352	0.210704	0.163944	0.712415	0.108770	0.178815	0.750993	0.070902	0.178106	0.769544	0.057251	0.173205
0.428337	0.343545	0.228118	0.520181	0.333245	0.146575	0.610931	0.299513	0.089556	0.687062	0.242318	0.070620	0.735901	0.162311	0.101788	0.756937	0.092952	0.150111	0.728680	0.059788	0.211533	0.649372	0.080056	0.270572	0.575903	0.132619	0.291479	0.522797	0.197762	0.279441	0.422374	0.298231	0.279395	0.411246	0.361080	0.227674	0.398912	0.403537	0.197551	0.442683	0.390434	0.166883	0.501091	0.341244	0.157665	0.605579	0.239331	0.155091	0.696106	0.143341	0.160553	0.734258	0.079145	0.186597	0.761357	0.059661	0.178982	0.739387	0.084611	0.176002
0.513450	0.357796	0.128754	0.570711	0.338091	0.091197	0.692491	0.236933	0.070576	0.736434	0.177433	0.086133	0.746113	0.113656	0.140232	0.736539	0.063922	0.199539	0.657610	0.087058	0.255332	0.616983	0.106594	0.276423	0.509370	0.205565	0.285065	0.454671	0.278625	0.266704	0.398459	0.370666	0.230875	0.388786	0.402539	0.208675	0.426634	0.394359	0.179007	0.484133	0.350850	0.165017	0.573968	0.261755	0.164278	0.668170	0.169439	0.162391	0.723680	0.084800	0.191520	0.763720	0.049682	0.186597	0.766947	0.058824	0.174230	0.677384	0.159673	0.162943
0.605284	0.303427	0.091290	0.676682	0.257378	0.065940	0.757260	0.164932	0.077808	0.760970	0.098441	0.140589	0.741592	0.070710	0.187698	0.682941	0.067713	0.249346	0.628219	0.099944	0.271837	0.539554	0.174152	0.286294	0.458971	0.280668	0.260362	0.411410	0.368897	0.219693	0.387621	0.396276	0.216103	0.418922	0.395205	0.185873	0.473684	0.368164	0.158151	0.560619	0.279163	0.160218	0.629187	0.200117	0.170696	0.728374	0.082757	0.188870	0.732833	0.060877	0.206290	0.757974	0.063794	0.178232	0.695520	0.146571	0.157909	0.580426	0.284539	0.135035
0.709500	0.226119	0.064381	0.730610	0.182445	0.086945	0.782584	0.109562	0.107854	0.741066	0.069713	0.189221	0.714199	0.075403	0.210398	0.645697	0.103264	0.251039	0.536407	0.197076	0.266517	0.479278	0.266986	0.253736	0.412195	0.357453	0.230352	0.391731	0.409488	0.198781	0.422087	0.420494	0.157420	0.438202	0.405771	0.156027	0.544076	0.289444	0.166480	0.613477	0.204582	0.181941	0.672758	0.122294	0.204948	0.750655	0.064958	0.184387	0.735712	0.063284	0.201004	0.683873	0.132533	0.183594	0.575281	0.273315	0.151404	0.470458	0.413592	0.115950
0.763294	0.167712	0.068994	0.770955	0.105355	0.123690	0.746138	0.067619	0.186243	0.720904	0.067486	0.211610	0.615932	0.115220	0.268848	0.544386	0.188419	0.267196	0.472436	0.269923	0.257641	0.429891	0.352174	0.217935	0.388077	0.420464	0.191459	0.410613	0.422720	0.166667	0.434982	0.394431	0.170587	0.507504	0.321012	0.171484	0.599681	0.211840	0.188479	0.670769	0.130629	0.198601	0.721976	0.066038	0.211987	0.734058	0.064341	0.201601	0.682659	0.116185	0.201156	0.562299	0.262084	0.175618	0.498923	0.386914	0.114163	0.350423	0.565803	0.083774
0.791643	0.091245	0.117112	0.758420	0.069810	0.171770	0.733603	0.065588	0.200809	0.671741	0.104622	0.223637	0.561827	0.178644	0.259529	0.492295	0.269692	0.238014	0.426862	0.347074	0.226064	0.410903	0.405750	0.183347	0.373323	0.431025	0.195652	0.407054	0.415805	0.177141	0.480764	0.325512	0.193724	0.588380	0.227460	0.184160	0.663218	0.129023	0.207759	0.720189	0.061098	0.218713	0.713630	0.056815	0.229555	0.703176	0.108708	0.188116	0.598836	0.230663	0.170502	0.464518	0.400622	0.134860	0.355088	0.543420	0.101492	0.228031	0.687765	0.084205
0.746050	0.073727	0.180222	0.711288	0.076537	0.212175	0.644688	0.111431	0.243881	0.556847	0.189680	0.253473	0.501835	0.255998	0.242168	0.443271	0.343082	0.213647	0.391476	0.416732	0.191792	0.400000	0.432615	0.167385	0.422790	0.414803	0.162407	0.491136	0.340443	0.168421	0.574137	0.239672	0.186191	0.644506	0.149096	0.206398	0.691777	0.073030	0.235193	0.729875	0.058390	0.211735	0.691785	0.098749	0.209467	0.622235	0.211007	0.166759	0.496211	0.363458	0.140331	0.363636	0.525130	0.111233	0.236466	0.679774	0.083760	0.162957	0.740863	0.096180
0.706571	0.078857	0.214571	0.641099	0.106754	0.252147	0.589840	0.157039	0.253120	0.515660	0.267897	0.216443	0.424283	0.370678	0.205039	0.392977	0.424477	0.182546	0.363327	0.442846	0.193827	0.426371	0.406377	0.167252	0.480272	0.336327	0.183401	0.577075	0.238001	0.184924	0.645656	0.144804	0.209540	0.696081	0.076343	0.227576	0.727247	0.059927	0.212826	0.683347	0.091203	0.225451	0.595050	0.200979	0.203971	0.507405	0.345310	0.147285	0.360566	0.516627	0.122807	0.252910	0.655291	0.091799	0.162318	0.740731	0.096951	0.115537	0.753955	0.130508
0.625074	0.141453	0.233472	0.583209	0.197380	0.219411	0.517908	0.261796	0.220296	0.434951	0.359501	0.205548	0.405413	0.410142	0.184446	0.381104	0.431263	0.187633	0.413516	0.409373	0.177110	0.486919	0.335825	0.177256	0.563104	0.247169	0.189727	0.611995	0.170836	0.217169	0.672934	0.089744	0.237322	0.704579	0.055539	0.239882	0.653620	0.097009	0.249371	0.606566	0.198570	0.194864	0.496571	0.344033	0.159396	0.386217	0.488045	0.125738	0.262648	0.639128	0.098224	0.181125	0.734953	0.083922	0.099868	0.777748	0.122384	0.065523	0.725169	0.209308
0.560258	0.212444	0.227298	0.508128	0.278587	0.213285	0.416482	0.370852	0.212666	0.379457	0.419638	0.200905	0.403324	0.424690	0.171986	0.426951	0.397679	0.175369	0.451029	0.365331	0.183639	0.542183	0.276994	0.180823	0.625068	0.180261	0.194671	0.660154	0.088057	0.251789	0.717317	0.067947	0.214736	0.690273	0.081911	0.227816	0.619481	0.173013	0.207506	0.488230	0.340072	0.171698	0.398381	0.485483	0.116136	0.276485	0.619491	0.104024	0.171918	0.736042	0.092040	0.108800	0.770133	0.121067	0.075728	0.744278	0.179994	0.048085	0.666760	0.285155
0.475323	0.306698	0.217979	0.422454	0.381005	0.196541	0.385764	0.442015	0.172221	0.374544	0.455921	0.169536	0.404993	0.430749	0.164258	0.455805	0.374065	0.170130	0.522865	0.262810	0.214325	0.585324	0.166382	0.248294	0.663863	0.097561	0.238576	0.702207	0.063342	0.234451	0.683291	0.082277	0.234432	0.624030	0.169120	0.206850	0.500541	0.303301	0.196158	0.386195	0.469481	0.144324	0.261573	0.617122	0.121305	0.177072	0.729010	0.093918	0.096801	0.791906	0.111293	0.066702	0.752515	0.180783	0.044432	0.658217	0.297351	0.052371	0.527495	0.420134
0.384552	0.416050	0.199397	0.381866	0.445204	0.172930	0.356331	0.464556	0.179113	0.403841	0.436727	0.159432	0.438587	0.374275	0.187138	0.508914	0.275766	0.215320	0.577740	0.178141	0.244119	0.654772	0.101388	0.243840	0.684773	0.065877	0.249350	0.663835	0.092892	0.243274	0.593445	0.166475	0.240081	0.484832	0.325979	0.189189	0.383660	0.460944	0.155396	0.276656	0.609042	0.114302	0.185293	0.723247	0.091460	0.110727	0.767368	0.121906	0.074690	0.748027	0.177283	0.054416	0.678063	0.267521	0.046790	0.539515	0.413695	0.037997	0.366724	0.595279
0.384781	0.471128	0.144091	0.365355	0.471776	0.162869	0.369613	0.451657	0.178729	0.433705	0.379944	0.186351	0.507471	0.287493	0.205036	0.571468	0.182626	0.245906	0.638653	0.109508	0.251839	0.675321	0.060770	0.263909	0.676880	0.067131	0.255989	0.588458	0.180981	0.230561	0.514503	0.280564	0.204934	0.367594	0.453017	0.179388	0.276260	0.607153	0.116587	0.187704	0.716540	0.095756	0.121436	0.756072	0.122492	0.072514	0.773394	0.154092	0.047435	0.683398	0.269167	0.041204	0.537989	0.420807	0.047519	0.383459	0.569023	0.063920	0.230966	0.705114
0.379941	0.457650	0.162409	0.396114	0.426606	0.177280	0.437722	0.382973	0.179305	0.489155	0.284483	0.226363	0.547742	0.194683	0.257576	0.643675	0.102765	0.253560	0.652794	0.065564	0.281642	0.657435	0.068836	0.273729	0.597844	0.161456	0.240701	0.516826	0.279585	0.203589	0.385283	0.442313	0.172405	0.285132	0.600435	0.114433	0.191074	0.697488	0.111438	0.131208	0.765206	0.103586	0.070870	0.766909	0.162220	0.050536	0.691568	0.257896	0.041764	0.564544	0.393692	0.054132	0.391592	0.554276	0.055414	0.256997	0.687588	0.060241	0.131896	0.807863
0.386575	0.441231	0.172194	0.445655	0.376921	0.177424	0.480068	0.291207	0.228725	0.556710	0.203463	0.239827	0.626248	0.112411	0.261341	0.645717	0.072303	0.281980	0.643392	0.075644	0.280964	0.595112	0.161622	0.243266	0.495132	0.282893	0.221975	0.385027	0.445455	0.169519	0.275027	0.581338	0.143634	0.175987	0.712430	0.111582	0.125500	0.767120	0.107381	0.079613	0.770038	0.150350	0.052816	0.701159	0.246025	0.046974	0.562481	0.390545	0.046718	0.398108	0.555173	0.048823	0.256611	0.694566	0.055804	0.154282	0.789913	0.065979	0.094121	0.839900
0.447219	0.351589	0.201192	0.501794	0.264698	0.233508	0.571831	0.188732	0.239437	0.636153	0.104577	0.259270	0.656700	0.062341	0.280959	0.645532	0.085816	0.268653	0.587475	0.143499	0.269026	0.493326	0.278398	0.228276	0.382503	0.426649	0.190848	0.273295	0.579734	0.146971	0.185195	0.706057	0.108748	0.124336	0.765675	0.109989	0.076861	0.761299	0.161840	0.055724	0.706483	0.237793	0.042422	0.574898	0.382680	0.044173	0.388550	0.567277	0.053689	0.272179	0.674131	0.053264	0.161022	0.785714	0.058311	0.095281	0.846408	0.069376	0.088534	0.842090
0.493959	0.281164	0.224876	0.561853	0.187284	0.250863	0.602141	0.117188	0.280671	0.638755	0.063932	0.297313	0.631264	0.084150	0.284586	0.562014	0.165468	0.272518	0.477421	0.282372	0.240207	0.389217	0.421674	0.189109	0.278543	0.585965	0.135493	0.207775	0.677699	0.114526	0.131122	0.757767	0.111111	0.070219	0.775187	0.154593	0.059491	0.705313	0.235196	0.034614	0.577589	0.387797	0.039545	0.436700	0.523755	0.052107	0.290718	0.657175	0.050842	0.167898	0.781259	0.057143	0.087558	0.855300	0.052475	0.087657	0.859869	0.080974	0.125708	0.793318
0.572441	0.148001	0.279558	0.611570	0.098288	0.290142	0.635636	0.075600	0.288764	0.602647	0.088989	0.308364	0.560976	0.158939	0.280086	0.465973	0.285295	0.248732	0.371081	0.420541	0.208378	0.280406	0.571238	0.148356	0.185347	0.718152	0.096501	0.117647	0.773555	0.108798	0.071390	0.757977	0.170633	0.046724	0.727712	0.225564	0.036678	0.605634	0.357688	0.045480	0.464407	0.490113	0.043219	0.289451	0.667330	0.056740	0.169919	0.773341	0.061156	0.094345	0.844499	0.057941	0.081057	0.861003	0.074726	0.127236	0.798038	0.083044	0.211516	0.705440
