0.229616	0.302758	0.467626	0.316752	0.346198	0.337050	0.404609	0.378081	0.217310	0.511867	0.356013	0.132120	0.645248	0.286212	0.068541	0.692104	0.214891	0.093005	0.740658	0.138316	0.121026	0.729307	0.083850	0.186843	0.687159	0.065786	0.247055	0.593663	0.097554	0.308783	0.515702	0.161337	0.322962	0.439898	0.248650	0.311452	0.403068	0.324407	0.272524	0.429798	0.358903	0.211299	0.417262	0.388668	0.194069	0.517156	0.334532	0.148312	0.574850	0.268372	0.156777	0.670408	0.165891	0.163701	0.736430	0.096081	0.167489	0.765821	0.061242	0.172937
0.275362	0.345596	0.379041	0.380939	0.372928	0.246133	0.507266	0.348231	0.144502	0.598625	0.313591	0.087784	0.679692	0.253854	0.066454	0.746066	0.147043	0.106891	0.736351	0.098217	0.165432	0.712443	0.061067	0.226491	0.635503	0.097929	0.266568	0.569718	0.148845	0.281437	0.481321	0.225311	0.293368	0.433984	0.299406	0.266610	0.414957	0.372630	0.212412	0.422157	0.386291	0.191552	0.469811	0.371858	0.158331	0.532918	0.332430	0.134652	0.627324	0.204225	0.168451	0.718964	0.110763	0.170273	0.765740	0.063812	0.170448	0.763441	0.050276	0.186283
0.423961	0.336160	0.239880	0.530536	0.328996	0.140467	0.600108	0.305195	0.094697	0.692722	0.229380	0.077898	0.736176	0.170014	0.093810	0.743618	0.099612	0.156770	0.734750	0.060091	0.205159	0.642120	0.078661	0.279219	0.580135	0.132336	0.287528	0.508811	0.204476	0.286713	0.444349	0.291952	0.263699	0.389471	0.374587	0.235943	0.405714	0.399456	0.194830	0.427606	0.402651	0.169743	0.504910	0.330060	0.165030	0.610879	0.231241	0.157880	0.682562	0.152088	0.165350	0.730214	0.082900	0.186886	0.762726	0.056650	0.180624	0.737913	0.091981	0.170106
0.505876	0.349700	0.144424	0.595295	0.315623	0.089083	0.675245	0.244097	0.080658	0.736434	0.173988	0.089578	0.739327	0.121289	0.139384	0.738555	0.067377	0.194069	0.647970	0.089980	0.262051	0.610358	0.107799	0.281843	0.500284	0.202726	0.296990	0.467702	0.267813	0.264486	0.410842	0.350303	0.238855	0.396456	0.400688	0.202856	0.433415	0.387849	0.178736	0.489972	0.351866	0.158162	0.560780	0.279817	0.159404	0.660558	0.169721	0.169721	0.731757	0.084800	0.183444	0.738590	0.058348	0.203062	0.768627	0.062185	0.169188	0.665123	0.171935	0.162943
0.621240	0.291394	0.087366	0.681468	0.251795	0.066738	0.761096	0.156164	0.082740	0.748557	0.114030	0.137413	0.731819	0.067836	0.200345	0.693694	0.070328	0.235978	0.621501	0.113102	0.265398	0.541003	0.181107	0.277890	0.452295	0.286787	0.260918	0.427318	0.361218	0.211465	0.399685	0.397325	0.202990	0.433359	0.394174	0.172467	0.503466	0.348395	0.148139	0.529951	0.298366	0.171682	0.623653	0.210894	0.165453	0.720877	0.074394	0.204729	0.750721	0.058569	0.190710	0.736430	0.073027	0.190543	0.684735	0.148507	0.166759	0.587518	0.286241	0.126241
0.700340	0.232138	0.067522	0.736682	0.186586	0.076732	0.780876	0.109562	0.109562	0.750146	0.065319	0.184534	0.697172	0.076923	0.225905	0.631454	0.110089	0.258457	0.533596	0.193984	0.272421	0.475613	0.275444	0.248943	0.407859	0.351762	0.240379	0.394911	0.401537	0.203552	0.409610	0.417043	0.173347	0.462717	0.373851	0.163432	0.551376	0.288883	0.159742	0.592992	0.215094	0.191914	0.695249	0.111892	0.192859	0.732887	0.063210	0.203903	0.740173	0.067745	0.192083	0.686942	0.121931	0.191127	0.546629	0.291854	0.161517	0.458530	0.420804	0.120666
0.770112	0.164712	0.065176	0.783760	0.101572	0.114668	0.754882	0.062372	0.182746	0.717186	0.074635	0.208178	0.624467	0.124893	0.250640	0.537625	0.194591	0.267784	0.478435	0.273065	0.248500	0.429076	0.336957	0.233967	0.401548	0.412726	0.185727	0.412416	0.419629	0.167955	0.457151	0.376859	0.165991	0.510006	0.322123	0.167871	0.599947	0.213167	0.186886	0.665455	0.117203	0.217343	0.744173	0.061876	0.193951	0.746640	0.054332	0.199028	0.681503	0.128902	0.189595	0.562030	0.265306	0.172664	0.487076	0.401723	0.111201	0.359672	0.558932	0.081395
0.785674	0.089540	0.124787	0.769137	0.074403	0.156461	0.713956	0.070211	0.215834	0.674232	0.103515	0.222253	0.565319	0.167588	0.267093	0.475742	0.277968	0.246290	0.415691	0.353457	0.230851	0.402766	0.411717	0.185517	0.387815	0.431025	0.181159	0.426942	0.408115	0.164943	0.492224	0.316508	0.191269	0.598794	0.208824	0.192381	0.670402	0.127586	0.202011	0.711334	0.075561	0.213105	0.698135	0.064562	0.237303	0.704272	0.105148	0.190581	0.599113	0.233989	0.166898	0.478089	0.386203	0.135708	0.360149	0.542355	0.097496	0.240181	0.674484	0.085335
0.764190	0.061439	0.174371	0.714835	0.072991	0.212175	0.634898	0.112583	0.252519	0.563368	0.190814	0.245818	0.502399	0.255715	0.241885	0.452207	0.343352	0.204441	0.398579	0.418048	0.183373	0.400000	0.416442	0.183558	0.440096	0.396166	0.163738	0.495291	0.338504	0.166205	0.569892	0.240238	0.189870	0.646175	0.140473	0.213352	0.704140	0.073893	0.221967	0.717687	0.069728	0.212585	0.692057	0.103645	0.204298	0.613385	0.208518	0.178097	0.503508	0.359248	0.137244	0.362538	0.533645	0.103818	0.249125	0.671694	0.079181	0.154163	0.749931	0.095905
0.722000	0.070286	0.207714	0.647396	0.105610	0.246995	0.593614	0.172714	0.233672	0.510067	0.265940	0.223993	0.439024	0.368534	0.192442	0.382133	0.427576	0.190292	0.356265	0.448339	0.195396	0.404485	0.406917	0.188598	0.481088	0.331429	0.187483	0.569452	0.247318	0.183230	0.641113	0.138274	0.220613	0.703048	0.069956	0.226996	0.729208	0.063568	0.207225	0.662362	0.107614	0.230024	0.586620	0.208866	0.204515	0.498354	0.356281	0.145365	0.356900	0.520817	0.122283	0.261640	0.648413	0.089947	0.166712	0.735787	0.097501	0.110734	0.763559	0.125706
0.623883	0.133711	0.242406	0.593034	0.194105	0.212861	0.486640	0.280273	0.233087	0.442164	0.358946	0.198890	0.404099	0.405413	0.190489	0.366507	0.452229	0.181263	0.402382	0.432418	0.165199	0.476241	0.346503	0.177256	0.573322	0.239437	0.187241	0.618533	0.166288	0.215179	0.672365	0.094587	0.233048	0.705761	0.056130	0.238109	0.671792	0.100363	0.227845	0.600212	0.204395	0.195393	0.489986	0.339643	0.170370	0.384529	0.493671	0.121800	0.259419	0.636168	0.104413	0.176604	0.733541	0.089856	0.106755	0.767682	0.125563	0.073843	0.719449	0.206708
0.567265	0.216928	0.215807	0.512892	0.272702	0.214406	0.444137	0.346239	0.209624	0.383183	0.412453	0.204364	0.403324	0.434978	0.161699	0.424578	0.410074	0.165348	0.469672	0.355871	0.174457	0.545350	0.257702	0.196948	0.627243	0.167210	0.205546	0.675839	0.093561	0.230600	0.709862	0.064507	0.225631	0.677190	0.098407	0.224403	0.624448	0.174117	0.201435	0.518139	0.312102	0.169759	0.367951	0.491904	0.140145	0.271831	0.630167	0.098002	0.186291	0.725815	0.087894	0.097867	0.789333	0.112800	0.072054	0.750212	0.177734	0.055633	0.653620	0.290746
0.477673	0.310811	0.211516	0.424650	0.379907	0.195443	0.377233	0.447081	0.175686	0.356286	0.474439	0.169275	0.404468	0.424967	0.170565	0.474370	0.355223	0.170407	0.528375	0.265289	0.206336	0.615188	0.162685	0.222127	0.657135	0.095038	0.247827	0.696475	0.065348	0.238177	0.685545	0.081995	0.232460	0.619481	0.174204	0.206315	0.498918	0.313582	0.187500	0.377068	0.479179	0.143754	0.256832	0.626325	0.116843	0.173305	0.733315	0.093380	0.102543	0.780421	0.117036	0.072790	0.750132	0.177078	0.051552	0.665053	0.283395	0.056736	0.541752	0.401513
0.416598	0.402356	0.181046	0.370302	0.444941	0.184757	0.360119	0.463745	0.176136	0.403841	0.432781	0.163378	0.440519	0.373447	0.186034	0.516156	0.267967	0.215877	0.575158	0.187321	0.237522	0.650807	0.092042	0.257151	0.696908	0.062121	0.240971	0.651657	0.093741	0.254602	0.600058	0.171650	0.228292	0.499448	0.319636	0.180916	0.372619	0.472537	0.154844	0.273813	0.604777	0.121410	0.175013	0.732472	0.092514	0.115252	0.771094	0.113655	0.071026	0.754228	0.174746	0.058689	0.680627	0.260684	0.044223	0.543795	0.411983	0.048359	0.368451	0.583189
0.390448	0.462493	0.147059	0.367685	0.467115	0.165199	0.371823	0.456077	0.172099	0.425627	0.393315	0.181058	0.496126	0.292750	0.211123	0.578129	0.189564	0.232306	0.634126	0.113469	0.252405	0.667047	0.060200	0.272753	0.667131	0.079666	0.253203	0.599025	0.171227	0.229748	0.513960	0.277311	0.208729	0.383026	0.442546	0.174428	0.276823	0.613912	0.109265	0.196137	0.715180	0.088683	0.128036	0.758448	0.113516	0.076780	0.772061	0.151160	0.059018	0.683398	0.257584	0.050263	0.530099	0.419638	0.046316	0.374135	0.579549	0.058807	0.238636	0.702557
0.365421	0.475128	0.159451	0.408257	0.417701	0.174042	0.425404	0.387900	0.186696	0.495551	0.286986	0.217464	0.551172	0.192967	0.255860	0.626641	0.115052	0.258308	0.667902	0.056727	0.275371	0.652595	0.069911	0.277494	0.594340	0.157412	0.248248	0.517386	0.273416	0.209198	0.394218	0.429698	0.176084	0.282142	0.594455	0.123403	0.187867	0.700962	0.111170	0.125365	0.762815	0.111819	0.073026	0.765292	0.161681	0.054381	0.695963	0.249657	0.050526	0.562208	0.387266	0.051828	0.392168	0.556003	0.061634	0.261804	0.676562	0.071021	0.146798	0.782181
0.378615	0.439109	0.182276	0.429170	0.382230	0.188600	0.486005	0.289228	0.224767	0.569697	0.199134	0.231169	0.613124	0.117832	0.269044	0.649611	0.062848	0.287542	0.644777	0.075921	0.279302	0.591502	0.154124	0.254374	0.487622	0.290960	0.221419	0.388503	0.439037	0.172460	0.283460	0.577530	0.139010	0.174927	0.721972	0.103101	0.127631	0.765787	0.106581	0.077999	0.766003	0.155998	0.053624	0.700081	0.246295	0.046673	0.574225	0.379103	0.047005	0.381485	0.571510	0.051439	0.259227	0.689334	0.056699	0.133393	0.809907	0.068793	0.092245	0.838962
0.430760	0.372588	0.196652	0.489097	0.279051	0.231852	0.546197	0.197183	0.256620	0.631808	0.100521	0.267671	0.641467	0.071368	0.287165	0.629134	0.087456	0.283411	0.582701	0.142376	0.274923	0.489512	0.282212	0.228276	0.374428	0.423688	0.201884	0.286064	0.572670	0.141266	0.183849	0.719246	0.096904	0.129384	0.757970	0.112646	0.080650	0.763194	0.156157	0.054897	0.714207	0.230897	0.042130	0.589526	0.368344	0.044464	0.399593	0.555943	0.050818	0.290554	0.658628	0.052340	0.175185	0.772475	0.051999	0.088067	0.859934	0.065022	0.088244	0.846734
0.505217	0.260571	0.234212	0.569908	0.179517	0.250575	0.615741	0.103588	0.280671	0.659123	0.064781	0.276096	0.607843	0.087146	0.305011	0.572086	0.162014	0.265899	0.466268	0.297878	0.235854	0.393777	0.423820	0.182403	0.278273	0.581107	0.140621	0.197531	0.688469	0.114001	0.127435	0.761980	0.110585	0.076603	0.764085	0.159312	0.057277	0.720255	0.222468	0.041948	0.588736	0.369317	0.042674	0.446657	0.510669	0.041856	0.287585	0.670558	0.047295	0.175584	0.777121	0.051920	0.088172	0.859908	0.059034	0.089445	0.851521	0.083522	0.118347	0.798131
0.571874	0.156790	0.271335	0.621901	0.098288	0.279811	0.639194	0.071153	0.289653	0.610532	0.085328	0.304140	0.565264	0.155454	0.279282	0.464905	0.294102	0.240993	0.377568	0.418108	0.204324	0.277199	0.568565	0.154237	0.178786	0.721159	0.100055	0.116866	0.770953	0.112181	0.075987	0.765279	0.158734	0.052632	0.732814	0.214554	0.037559	0.603286	0.359155	0.047458	0.448305	0.504237	0.046631	0.303099	0.650270	0.051036	0.185230	0.763735	0.058697	0.090350	0.850953	0.057340	0.085260	0.857400	0.083381	0.123197	0.793422	0.079572	0.217882	0.702546
