0.223621	0.294365	0.482014	0.332190	0.327330	0.340480	0.404341	0.378349	0.217310	0.512658	0.359968	0.127373	0.636412	0.296118	0.067470	0.692369	0.215951	0.091680	0.740379	0.142499	0.117122	0.739552	0.074683	0.185764	0.669635	0.066648	0.263717	0.595331	0.094219	0.310450	0.524633	0.157303	0.318064	0.447570	0.247798	0.304632	0.408368	0.330823	0.260809	0.420936	0.364165	0.214899	0.433148	0.387609	0.179243	0.510238	0.351134	0.138628	0.588459	0.273544	0.137997	0.658089	0.186422	0.155489	0.737300	0.097823	0.164877	0.791193	0.054535	0.154272
0.301282	0.347269	0.351449	0.385359	0.378729	0.235912	0.502056	0.350151	0.147793	0.590957	0.317292	0.091750	0.687135	0.244817	0.068049	0.721649	0.164406	0.113945	0.732510	0.105075	0.162414	0.709002	0.063360	0.227638	0.625740	0.091124	0.283136	0.566011	0.151126	0.282863	0.486823	0.223863	0.289314	0.433135	0.305626	0.261238	0.400675	0.384056	0.215269	0.432253	0.383369	0.184378	0.457891	0.376522	0.165587	0.535356	0.315633	0.149011	0.638028	0.203662	0.158310	0.705581	0.111333	0.183087	0.759501	0.066931	0.173568	0.777100	0.050276	0.172624
0.405361	0.344365	0.250274	0.514339	0.338821	0.146840	0.610119	0.293561	0.096320	0.673046	0.257682	0.069272	0.735351	0.171114	0.093535	0.744728	0.104606	0.150666	0.731108	0.061002	0.207891	0.662762	0.076430	0.260809	0.561512	0.143623	0.294865	0.525315	0.200559	0.274126	0.441781	0.288242	0.269977	0.409592	0.358324	0.232084	0.406259	0.395102	0.198639	0.428646	0.401352	0.170003	0.521822	0.319967	0.158211	0.595258	0.239888	0.164854	0.689052	0.148138	0.162810	0.742634	0.077701	0.179665	0.770389	0.054461	0.175151	0.742335	0.078420	0.179245
0.502220	0.358057	0.139723	0.583928	0.332012	0.084060	0.679491	0.254709	0.065800	0.740454	0.176285	0.083262	0.759966	0.109697	0.130336	0.736827	0.064498	0.198675	0.664037	0.080339	0.255624	0.610358	0.103282	0.286360	0.521579	0.199035	0.279387	0.471306	0.274189	0.254505	0.419373	0.351679	0.228949	0.401481	0.407300	0.191219	0.426092	0.404123	0.169786	0.470678	0.376491	0.152831	0.564220	0.268922	0.166858	0.658867	0.165492	0.175641	0.743582	0.077012	0.179406	0.740901	0.060659	0.198440	0.758263	0.073669	0.168067	0.674387	0.159946	0.165668
0.593251	0.318860	0.087889	0.678543	0.248604	0.072853	0.744384	0.174521	0.081096	0.763857	0.101617	0.134527	0.731532	0.077896	0.190572	0.680325	0.071781	0.247893	0.622900	0.101904	0.275196	0.538105	0.185164	0.276731	0.465090	0.290682	0.244228	0.400439	0.364509	0.235052	0.390768	0.407815	0.201416	0.426141	0.401134	0.172725	0.488318	0.354814	0.156868	0.548008	0.286615	0.165377	0.630352	0.208855	0.160792	0.732987	0.081892	0.185121	0.742066	0.063474	0.194460	0.740907	0.072748	0.186346	0.683352	0.149889	0.166759	0.563688	0.295319	0.140993
0.713688	0.217744	0.068568	0.743031	0.182445	0.074524	0.790837	0.110700	0.098463	0.753661	0.067663	0.178676	0.694740	0.068714	0.236546	0.626409	0.097033	0.276558	0.536407	0.189204	0.274389	0.495066	0.270651	0.234282	0.418970	0.356640	0.224390	0.390671	0.412669	0.196660	0.408813	0.428458	0.162729	0.445608	0.389173	0.165220	0.540427	0.290006	0.169568	0.626146	0.189218	0.184636	0.682879	0.114703	0.202418	0.740169	0.063501	0.196330	0.742124	0.063284	0.194592	0.703683	0.116350	0.179967	0.571629	0.271067	0.157303	0.461026	0.422469	0.116505
0.751295	0.178347	0.070357	0.780850	0.106810	0.112340	0.749053	0.065579	0.185369	0.704890	0.069488	0.225622	0.622760	0.128023	0.249218	0.543210	0.207231	0.249559	0.473579	0.269923	0.256498	0.437500	0.334783	0.227717	0.389797	0.417885	0.192319	0.396188	0.417568	0.186244	0.434712	0.397405	0.167883	0.503891	0.319900	0.176209	0.606053	0.217945	0.176002	0.664336	0.121399	0.214266	0.718923	0.069090	0.211987	0.746640	0.062625	0.190735	0.678613	0.128035	0.193353	0.565789	0.278464	0.155747	0.501077	0.385568	0.113355	0.341438	0.574524	0.084038
0.785389	0.097214	0.117396	0.751990	0.084813	0.163197	0.737937	0.060965	0.201098	0.681428	0.110988	0.207584	0.577830	0.163515	0.258656	0.497432	0.269977	0.232591	0.414894	0.359574	0.225532	0.411446	0.396800	0.191755	0.387279	0.423510	0.189211	0.445240	0.393264	0.161496	0.493042	0.321692	0.185266	0.555221	0.236777	0.208002	0.661782	0.120977	0.217241	0.716057	0.064345	0.219599	0.720803	0.058250	0.220947	0.687842	0.110077	0.202081	0.593014	0.235930	0.171056	0.482330	0.378852	0.138818	0.369473	0.531167	0.099361	0.224357	0.690591	0.085052
0.753072	0.071972	0.174956	0.734043	0.076537	0.189421	0.652174	0.110567	0.237259	0.557981	0.205274	0.236745	0.504375	0.256562	0.239063	0.423775	0.363661	0.212564	0.405420	0.411471	0.183110	0.400539	0.430458	0.169003	0.425186	0.415868	0.158946	0.474792	0.345152	0.180055	0.576401	0.229768	0.193831	0.653408	0.142142	0.204451	0.690627	0.077631	0.231742	0.731009	0.062358	0.206633	0.694233	0.102285	0.203482	0.617257	0.216538	0.166206	0.504912	0.353635	0.141454	0.369404	0.519088	0.111508	0.244816	0.671155	0.084029	0.154438	0.754878	0.090684
0.703143	0.070571	0.226286	0.654264	0.118489	0.227247	0.568360	0.179390	0.252250	0.510067	0.254754	0.235179	0.414366	0.374430	0.211203	0.384198	0.426801	0.189001	0.354695	0.450955	0.194350	0.428263	0.396650	0.175088	0.481633	0.337143	0.181224	0.580463	0.225579	0.193958	0.639693	0.135434	0.224872	0.671408	0.082438	0.246154	0.722487	0.066648	0.210865	0.670971	0.103578	0.225451	0.606473	0.193092	0.200435	0.487932	0.368075	0.143993	0.379942	0.502488	0.117570	0.253968	0.657143	0.088889	0.152431	0.747048	0.100522	0.112429	0.755932	0.131638
0.630137	0.129839	0.240024	0.571003	0.206311	0.222685	0.483513	0.287948	0.228539	0.443551	0.347018	0.209431	0.385444	0.416448	0.198108	0.374735	0.442410	0.182856	0.409373	0.422838	0.167789	0.494661	0.338761	0.166578	0.560342	0.252140	0.187517	0.620807	0.169983	0.209210	0.678917	0.082621	0.238462	0.711078	0.055835	0.233087	0.667599	0.098686	0.233715	0.604448	0.196187	0.199365	0.500960	0.345130	0.153909	0.366245	0.509423	0.124332	0.266146	0.632670	0.101184	0.178016	0.736649	0.085335	0.111788	0.757351	0.130861	0.073323	0.724129	0.202548
0.574552	0.206558	0.218890	0.531110	0.260930	0.207960	0.431969	0.365044	0.202987	0.387972	0.415913	0.196115	0.396729	0.423371	0.179900	0.419040	0.419304	0.161656	0.461324	0.365888	0.172788	0.527786	0.281601	0.190613	0.611202	0.175095	0.213703	0.667034	0.088057	0.244909	0.713876	0.066800	0.219323	0.674061	0.092719	0.233220	0.604305	0.191777	0.203918	0.506785	0.312933	0.180282	0.380235	0.489950	0.129816	0.278949	0.622502	0.098549	0.181316	0.724433	0.094251	0.105600	0.766133	0.128267	0.068946	0.745973	0.185081	0.058708	0.637685	0.303606
0.472679	0.323737	0.203584	0.426572	0.372221	0.201208	0.374833	0.447881	0.177286	0.369849	0.461398	0.168753	0.408410	0.428121	0.163469	0.460792	0.355777	0.183430	0.520661	0.281818	0.197521	0.593288	0.162116	0.244596	0.667788	0.089151	0.243061	0.693895	0.053310	0.252794	0.666103	0.081713	0.252184	0.640086	0.163500	0.196414	0.495671	0.312771	0.191558	0.390188	0.467484	0.142327	0.250697	0.640547	0.108756	0.184338	0.720398	0.095264	0.108285	0.786164	0.105551	0.069878	0.762573	0.167549	0.054970	0.655369	0.289661	0.051789	0.524876	0.423334
0.411394	0.404547	0.184059	0.375821	0.444941	0.179238	0.364989	0.473214	0.161797	0.397001	0.438306	0.164694	0.439139	0.385868	0.174993	0.518663	0.262674	0.218663	0.579461	0.188468	0.232071	0.654206	0.096290	0.249504	0.673216	0.060387	0.266397	0.673464	0.088643	0.237893	0.597182	0.162450	0.240368	0.504964	0.293436	0.201600	0.385040	0.463152	0.151808	0.265283	0.620131	0.114586	0.177649	0.720611	0.101740	0.112324	0.776151	0.111525	0.065953	0.751691	0.182356	0.056980	0.675783	0.267236	0.050214	0.525820	0.423966	0.046056	0.359528	0.594416
0.373179	0.480302	0.146519	0.364578	0.472553	0.162869	0.368785	0.448619	0.182597	0.441226	0.386351	0.172423	0.517709	0.271721	0.210570	0.585068	0.184568	0.230364	0.641483	0.113752	0.244765	0.676177	0.060200	0.263623	0.658774	0.079109	0.262117	0.594148	0.174208	0.231645	0.513689	0.283817	0.202494	0.372279	0.449986	0.177735	0.256829	0.627711	0.115460	0.213547	0.698041	0.088411	0.126716	0.753960	0.119324	0.078912	0.775260	0.145828	0.045505	0.682846	0.271649	0.044711	0.527469	0.427820	0.049323	0.381053	0.569624	0.061932	0.239773	0.698295
0.378328	0.461414	0.160258	0.386670	0.422288	0.191042	0.427868	0.376403	0.195730	0.485818	0.286986	0.227197	0.565752	0.197827	0.236421	0.619939	0.108908	0.271153	0.668757	0.072976	0.258267	0.655015	0.075827	0.269158	0.602695	0.157143	0.240162	0.518508	0.278183	0.203309	0.383180	0.447043	0.169777	0.272085	0.589834	0.138081	0.198290	0.685997	0.115714	0.125631	0.764143	0.110226	0.070331	0.771221	0.158448	0.051085	0.670420	0.278495	0.045853	0.562208	0.391939	0.051253	0.381515	0.567233	0.056828	0.247668	0.695505	0.064997	0.154407	0.780596
0.396392	0.440966	0.162643	0.423861	0.404303	0.171836	0.491942	0.290642	0.217416	0.566811	0.194517	0.238672	0.620827	0.113837	0.265335	0.659622	0.072303	0.268076	0.642283	0.073705	0.284012	0.598445	0.167453	0.234102	0.507093	0.276773	0.216134	0.378075	0.443048	0.178877	0.278292	0.591948	0.129761	0.186324	0.701829	0.111847	0.122835	0.775113	0.102052	0.077461	0.770576	0.151963	0.045540	0.711937	0.242522	0.050888	0.569106	0.380006	0.044425	0.412439	0.543136	0.054345	0.257774	0.687881	0.051030	0.145031	0.803939	0.072545	0.083490	0.843965
0.424801	0.369750	0.205448	0.495998	0.285123	0.218879	0.554085	0.185352	0.260563	0.620510	0.107184	0.272306	0.645134	0.068547	0.286319	0.642525	0.091282	0.266193	0.572592	0.152766	0.274642	0.485699	0.284391	0.229910	0.383849	0.416958	0.199192	0.289324	0.571040	0.139636	0.187618	0.711171	0.101211	0.118757	0.772317	0.108927	0.075237	0.757510	0.167253	0.055448	0.713103	0.231448	0.043008	0.567876	0.389116	0.039814	0.401627	0.558559	0.052541	0.281654	0.665805	0.052648	0.154249	0.793103	0.058611	0.091674	0.849714	0.072279	0.086502	0.841219
0.493410	0.273202	0.233388	0.565593	0.198504	0.235903	0.619213	0.107060	0.273727	0.656011	0.060255	0.283734	0.622277	0.084423	0.293301	0.577266	0.164317	0.258417	0.480958	0.297062	0.221980	0.390290	0.422479	0.187232	0.273414	0.593252	0.133333	0.198056	0.685054	0.116890	0.125856	0.769879	0.104265	0.075493	0.769914	0.154593	0.059768	0.703099	0.237133	0.034908	0.608976	0.356116	0.046942	0.428165	0.524893	0.046982	0.292426	0.660592	0.056754	0.177062	0.766184	0.047005	0.105991	0.847005	0.054264	0.079905	0.865832	0.069932	0.134485	0.795583
0.578112	0.143748	0.278140	0.622786	0.100059	0.277155	0.637118	0.064927	0.297954	0.607153	0.084202	0.308645	0.560172	0.157062	0.282766	0.469175	0.287163	0.243662	0.365676	0.425405	0.208919	0.272120	0.569634	0.158246	0.194642	0.707217	0.098141	0.119469	0.768090	0.112441	0.079773	0.756084	0.164143	0.043233	0.727981	0.228786	0.041080	0.586561	0.372359	0.049435	0.448023	0.502542	0.040091	0.291442	0.668467	0.054038	0.180727	0.765236	0.064229	0.086970	0.848801	0.059141	0.084659	0.856199	0.068090	0.131852	0.800058	0.082755	0.217014	0.700231
