0.209832	0.307854	0.482314	0.302459	0.331618	0.365923	0.405145	0.372990	0.221865	0.521888	0.355749	0.122363	0.625971	0.296386	0.077644	0.687334	0.220456	0.092210	0.739822	0.142777	0.117401	0.730116	0.080345	0.189539	0.685435	0.064349	0.250215	0.595609	0.098388	0.306003	0.493806	0.167675	0.338519	0.440466	0.238988	0.320546	0.398326	0.337796	0.263877	0.423151	0.362780	0.214068	0.442679	0.381784	0.175536	0.503320	0.341173	0.155506	0.588732	0.261840	0.149428	0.650698	0.185875	0.163427	0.726560	0.096372	0.177068	0.763780	0.059493	0.176728
0.301839	0.348941	0.349220	0.391989	0.369061	0.238950	0.512476	0.349602	0.137922	0.597039	0.309889	0.093072	0.677831	0.251728	0.070441	0.745524	0.143787	0.110689	0.725926	0.107819	0.166255	0.715596	0.063073	0.221330	0.641716	0.087574	0.270710	0.571429	0.170231	0.258340	0.471474	0.238054	0.290472	0.423805	0.304213	0.271982	0.414178	0.376785	0.209037	0.412327	0.385760	0.201913	0.463332	0.374708	0.161959	0.527228	0.320509	0.152262	0.630141	0.217183	0.152676	0.711276	0.108200	0.180524	0.767725	0.064095	0.168179	0.759372	0.049985	0.190642
0.418217	0.337801	0.243982	0.521243	0.343070	0.135688	0.607955	0.299242	0.092803	0.690836	0.242588	0.066577	0.727098	0.172490	0.100413	0.739734	0.104606	0.155660	0.726859	0.066464	0.206677	0.658856	0.074756	0.266388	0.581828	0.133465	0.284707	0.502657	0.213986	0.283357	0.423516	0.301370	0.275114	0.397464	0.368247	0.234289	0.426939	0.383946	0.189116	0.439823	0.397713	0.162464	0.516639	0.328696	0.154664	0.618968	0.230126	0.150907	0.690745	0.145598	0.163657	0.761698	0.076256	0.162045	0.764915	0.055556	0.179529	0.736144	0.091392	0.172465
0.504309	0.356229	0.139462	0.579699	0.332276	0.088025	0.684797	0.238259	0.076943	0.719208	0.173701	0.107092	0.750353	0.109415	0.140232	0.736827	0.073424	0.189749	0.674847	0.068361	0.256792	0.596808	0.118037	0.285155	0.521579	0.204713	0.273708	0.457444	0.285279	0.257278	0.397083	0.372592	0.230325	0.397514	0.400423	0.202063	0.429075	0.396800	0.174125	0.469408	0.371414	0.159177	0.571101	0.273796	0.155103	0.661968	0.175078	0.162955	0.723680	0.079031	0.197289	0.750144	0.050260	0.199596	0.756022	0.066667	0.177311	0.653951	0.174932	0.171117
0.602930	0.308658	0.088412	0.683063	0.241425	0.075512	0.747945	0.167397	0.084658	0.747691	0.113741	0.138568	0.749353	0.063237	0.187410	0.686138	0.070910	0.242953	0.627380	0.106383	0.266237	0.536946	0.181686	0.281368	0.455633	0.285118	0.259249	0.408667	0.381240	0.210093	0.393391	0.400472	0.206137	0.448827	0.382315	0.168858	0.479589	0.365083	0.155327	0.533104	0.292347	0.174549	0.637343	0.193708	0.168948	0.715398	0.082468	0.202134	0.749279	0.053664	0.197057	0.735031	0.071069	0.193900	0.679757	0.146847	0.173396	0.588936	0.284539	0.126525
0.714211	0.223502	0.062287	0.754071	0.173613	0.072316	0.773478	0.108993	0.117530	0.739309	0.072935	0.187756	0.687443	0.069626	0.242931	0.628783	0.110979	0.260237	0.540905	0.181614	0.277481	0.474204	0.281083	0.244714	0.413008	0.343360	0.243631	0.391996	0.416380	0.191625	0.393417	0.435891	0.170693	0.468846	0.371808	0.159346	0.539585	0.303200	0.157215	0.622102	0.191105	0.186792	0.668822	0.124824	0.206354	0.742499	0.060297	0.197204	0.733203	0.064120	0.202676	0.696429	0.129743	0.173828	0.578933	0.262079	0.158989	0.465742	0.413037	0.121221
0.745569	0.183801	0.070630	0.773865	0.103027	0.123108	0.740309	0.070242	0.189449	0.707178	0.070918	0.221904	0.639545	0.120626	0.239829	0.540564	0.203410	0.256026	0.460440	0.291631	0.247929	0.445924	0.350543	0.203533	0.417025	0.394096	0.188879	0.409325	0.417826	0.172849	0.431198	0.388483	0.180319	0.510839	0.317954	0.171206	0.598089	0.213167	0.188744	0.677483	0.124476	0.198042	0.725583	0.066870	0.207547	0.734344	0.063197	0.202459	0.678324	0.121965	0.199711	0.581633	0.256176	0.162191	0.494615	0.393376	0.112009	0.345666	0.571353	0.082981
0.786242	0.090961	0.122797	0.763625	0.081139	0.155236	0.723779	0.071367	0.204854	0.681982	0.107113	0.210905	0.564737	0.175735	0.259529	0.485160	0.265126	0.249715	0.420213	0.351330	0.228457	0.423379	0.392189	0.184432	0.399624	0.419753	0.180623	0.433307	0.404667	0.162026	0.493042	0.327967	0.178990	0.574404	0.231022	0.194574	0.638506	0.142241	0.219253	0.728749	0.065230	0.206021	0.720803	0.066571	0.212626	0.682366	0.111993	0.205641	0.595231	0.238980	0.165789	0.471303	0.398360	0.130336	0.352158	0.545019	0.102824	0.228031	0.692286	0.079684
0.746343	0.066413	0.187244	0.734929	0.067376	0.197695	0.653902	0.105672	0.240426	0.558548	0.200737	0.240714	0.515382	0.264465	0.220152	0.437585	0.354454	0.207961	0.396738	0.406998	0.196264	0.404313	0.423181	0.172507	0.418264	0.412673	0.169063	0.479778	0.340443	0.179778	0.588568	0.240238	0.171194	0.650626	0.147705	0.201669	0.702128	0.065555	0.232317	0.722506	0.057540	0.219955	0.687160	0.102829	0.210011	0.633850	0.204093	0.162058	0.478529	0.390682	0.130789	0.345235	0.547377	0.107388	0.256127	0.660921	0.082952	0.166529	0.735916	0.097554
0.722286	0.072286	0.205429	0.645965	0.116199	0.237836	0.591292	0.173875	0.234833	0.506991	0.263982	0.229027	0.423211	0.366658	0.210131	0.390137	0.421895	0.187968	0.356526	0.435260	0.208213	0.420697	0.398271	0.181032	0.491973	0.349932	0.158095	0.572840	0.239695	0.187465	0.642249	0.148211	0.209540	0.695501	0.074891	0.229608	0.726127	0.069448	0.204425	0.680118	0.095776	0.224105	0.602393	0.186021	0.211586	0.493692	0.362315	0.143993	0.361613	0.524221	0.114166	0.247090	0.666931	0.085979	0.168086	0.745949	0.085965	0.112429	0.751412	0.136158
0.630137	0.138177	0.231686	0.594820	0.189342	0.215838	0.513928	0.260944	0.225128	0.430791	0.365049	0.204161	0.392013	0.413820	0.194167	0.379777	0.433121	0.187102	0.407043	0.426204	0.166753	0.496263	0.333155	0.170582	0.564209	0.245236	0.190555	0.611711	0.166003	0.222285	0.689459	0.081481	0.229060	0.689513	0.055835	0.254653	0.669555	0.109030	0.221415	0.583267	0.200688	0.216044	0.490809	0.340466	0.168724	0.385654	0.489451	0.124895	0.269645	0.631593	0.098762	0.179712	0.736649	0.083639	0.109404	0.763974	0.126623	0.068903	0.729069	0.202028
0.570348	0.209081	0.220572	0.512612	0.269058	0.218330	0.437223	0.360066	0.202710	0.381852	0.417509	0.200639	0.385914	0.448167	0.165919	0.415084	0.410338	0.174578	0.450195	0.370896	0.178909	0.543910	0.272675	0.183415	0.611746	0.174008	0.214247	0.664832	0.088057	0.247111	0.711869	0.069954	0.218177	0.686576	0.080205	0.233220	0.612583	0.186810	0.200607	0.509554	0.315702	0.174744	0.371859	0.500279	0.127862	0.268820	0.624418	0.106762	0.179934	0.737148	0.082919	0.106667	0.775467	0.117867	0.081661	0.746256	0.172083	0.061224	0.636008	0.302768
0.479436	0.309636	0.210928	0.407357	0.384024	0.208619	0.382565	0.429752	0.187683	0.393062	0.445749	0.161189	0.410512	0.421813	0.167674	0.464949	0.365752	0.169299	0.528375	0.266391	0.205234	0.598407	0.162969	0.238623	0.661340	0.094477	0.244183	0.693035	0.056750	0.250215	0.680755	0.079459	0.239786	0.611185	0.184640	0.204174	0.506494	0.300054	0.193452	0.367370	0.494010	0.138620	0.276631	0.613776	0.109593	0.183531	0.723897	0.092573	0.109379	0.764288	0.126333	0.071202	0.766278	0.162520	0.045571	0.669325	0.285104	0.059063	0.526913	0.414024
0.405094	0.416050	0.178855	0.394744	0.438371	0.166886	0.361472	0.468074	0.170455	0.401736	0.429361	0.168903	0.437207	0.373723	0.189070	0.511142	0.280501	0.208357	0.586059	0.173551	0.240390	0.638629	0.101105	0.260266	0.683617	0.065299	0.251084	0.661852	0.092325	0.245823	0.598332	0.170213	0.231455	0.505792	0.306674	0.187534	0.388076	0.449627	0.162296	0.277225	0.605630	0.117145	0.166579	0.737744	0.095677	0.121906	0.765504	0.112590	0.065671	0.750846	0.183484	0.059259	0.659544	0.281197	0.053638	0.518117	0.428245	0.044905	0.365285	0.589810
0.386670	0.455208	0.158122	0.368462	0.467374	0.164164	0.369890	0.450276	0.179834	0.443733	0.383844	0.172423	0.494189	0.294964	0.210847	0.569525	0.189564	0.240910	0.631296	0.106678	0.262026	0.681883	0.056776	0.261341	0.663510	0.079387	0.257103	0.594148	0.174749	0.231103	0.516671	0.283817	0.199512	0.365114	0.462386	0.172499	0.263588	0.630527	0.105886	0.201306	0.715724	0.082971	0.134108	0.756072	0.109820	0.070648	0.787790	0.141562	0.052675	0.679261	0.268064	0.047633	0.530099	0.422268	0.046917	0.379850	0.573233	0.064489	0.226989	0.708523
0.372681	0.468674	0.158645	0.386400	0.428764	0.184835	0.424309	0.374487	0.201204	0.478865	0.296997	0.224138	0.552601	0.206118	0.241281	0.615750	0.110863	0.273387	0.661631	0.063854	0.274515	0.638344	0.084162	0.277494	0.591914	0.161995	0.246092	0.518228	0.271453	0.210320	0.392904	0.438896	0.168200	0.284588	0.600435	0.114977	0.202565	0.692410	0.105024	0.126162	0.771846	0.101992	0.071140	0.770951	0.157909	0.045867	0.694040	0.260093	0.038259	0.568925	0.392815	0.048085	0.399942	0.551972	0.048912	0.256149	0.694939	0.068802	0.131579	0.799620
0.368267	0.457416	0.174317	0.438949	0.375244	0.185806	0.491942	0.294883	0.213175	0.548918	0.209524	0.241558	0.622539	0.116976	0.260485	0.652948	0.069800	0.277253	0.640344	0.079800	0.279856	0.607054	0.153846	0.239100	0.490403	0.292907	0.216690	0.383422	0.439037	0.177540	0.285092	0.588411	0.126496	0.187914	0.691757	0.120329	0.133227	0.759925	0.106848	0.081495	0.760355	0.158150	0.051469	0.708973	0.239558	0.052695	0.565191	0.382114	0.050158	0.419031	0.530811	0.046207	0.270851	0.682941	0.052820	0.153387	0.793793	0.071295	0.085991	0.842714
0.438706	0.354143	0.207151	0.472261	0.284019	0.243721	0.565915	0.164225	0.269859	0.634994	0.100232	0.264774	0.651904	0.065162	0.282934	0.634326	0.088822	0.276852	0.588599	0.147430	0.263971	0.473168	0.297194	0.229638	0.393809	0.418843	0.187349	0.287150	0.561804	0.151046	0.186272	0.716285	0.097443	0.121945	0.776036	0.102019	0.071177	0.770230	0.158593	0.059310	0.712828	0.227862	0.039204	0.559977	0.400819	0.049985	0.405696	0.544319	0.051967	0.278783	0.669251	0.062500	0.161022	0.776478	0.054704	0.080252	0.865044	0.068505	0.079826	0.851669
0.510983	0.258649	0.230368	0.575374	0.186709	0.237917	0.620949	0.095197	0.283854	0.643847	0.063649	0.292504	0.632081	0.086874	0.281046	0.577842	0.150216	0.271942	0.468444	0.284548	0.247008	0.384388	0.421137	0.194474	0.276113	0.589474	0.134413	0.200946	0.682164	0.116890	0.134808	0.755661	0.109531	0.076880	0.774632	0.148487	0.053680	0.705866	0.240454	0.033734	0.601349	0.364916	0.036984	0.453770	0.509246	0.044989	0.290433	0.664579	0.053503	0.183269	0.763228	0.057450	0.103533	0.839017	0.065295	0.087358	0.847346	0.073330	0.123726	0.802945
0.572441	0.147718	0.279841	0.622491	0.095336	0.282172	0.623184	0.074711	0.302105	0.602929	0.088426	0.308645	0.578933	0.153846	0.267221	0.477716	0.270883	0.251401	0.366216	0.427838	0.205946	0.271318	0.573911	0.154771	0.185074	0.707217	0.107709	0.120510	0.775638	0.103852	0.078421	0.760411	0.161168	0.041085	0.729860	0.229055	0.041373	0.599178	0.359448	0.045763	0.425141	0.529096	0.040091	0.299972	0.659937	0.059141	0.172921	0.767938	0.052551	0.105409	0.842041	0.050135	0.085560	0.864305	0.069533	0.130121	0.800346	0.075521	0.221065	0.703414
